reg;jour;n_dose1;n_dose2;n_cum_dose1;n_cum_dose2;couv_dose1;couv_dose2
01;2021-01-08;1;0;1;0;0.0;0.0
01;2021-01-09;2;0;3;0;0.0;0.0
01;2021-01-12;20;0;23;0;0.0;0.0
01;2021-01-13;17;0;40;0;0.0;0.0
01;2021-01-14;35;0;75;0;0.0;0.0
01;2021-01-15;31;0;106;0;0.0;0.0
01;2021-01-18;50;0;156;0;0.0;0.0
01;2021-01-19;97;0;253;0;0.1;0.0
01;2021-01-20;63;0;316;0;0.1;0.0
01;2021-01-21;76;0;392;0;0.1;0.0
01;2021-01-22;54;0;446;0;0.1;0.0
01;2021-01-25;83;0;529;0;0.1;0.0
01;2021-01-26;99;1;628;1;0.2;0.0
01;2021-01-27;170;0;798;1;0.2;0.0
01;2021-01-28;107;2;905;3;0.2;0.0
01;2021-01-29;92;0;997;3;0.3;0.0
01;2021-01-30;2;0;999;3;0.3;0.0
01;2021-02-01;94;5;1093;8;0.3;0.0
01;2021-02-02;136;24;1229;32;0.3;0.0
01;2021-02-03;132;7;1361;39;0.4;0.0
01;2021-02-04;129;25;1490;64;0.4;0.0
01;2021-02-05;148;28;1638;92;0.4;0.0
01;2021-02-06;1;0;1639;92;0.4;0.0
01;2021-02-08;102;20;1741;112;0.5;0.0
01;2021-02-09;200;37;1941;149;0.5;0.0
01;2021-02-10;124;40;2065;189;0.5;0.1
01;2021-02-11;168;108;2233;297;0.6;0.1
01;2021-02-12;197;37;2430;334;0.6;0.1
01;2021-02-13;0;9;2430;343;0.6;0.1
01;2021-02-14;12;32;2442;375;0.6;0.1
01;2021-02-15;87;31;2529;406;0.7;0.1
01;2021-02-18;126;36;2655;442;0.7;0.1
01;2021-02-19;173;58;2828;500;0.8;0.1
01;2021-02-22;102;47;2930;547;0.8;0.1
01;2021-02-23;154;86;3084;633;0.8;0.2
01;2021-02-24;178;110;3262;743;0.9;0.2
01;2021-02-25;152;75;3414;818;0.9;0.2
01;2021-02-26;92;97;3506;915;0.9;0.2
01;2021-03-01;51;83;3557;998;0.9;0.3
01;2021-03-02;156;124;3713;1122;1.0;0.3
01;2021-03-03;50;101;3763;1223;1.0;0.3
01;2021-03-04;95;84;3858;1307;1.0;0.3
01;2021-03-05;176;119;4034;1426;1.1;0.4
02;2021-01-06;5;0;5;0;0.0;0.0
02;2021-01-07;31;0;36;0;0.0;0.0
02;2021-01-08;79;0;115;0;0.0;0.0
02;2021-01-09;20;0;135;0;0.0;0.0
02;2021-01-11;117;0;252;0;0.1;0.0
02;2021-01-12;78;0;330;0;0.1;0.0
02;2021-01-13;64;0;394;0;0.1;0.0
02;2021-01-14;81;0;475;0;0.1;0.0
02;2021-01-15;130;0;605;0;0.2;0.0
02;2021-01-16;51;1;656;1;0.2;0.0
02;2021-01-18;157;0;813;1;0.2;0.0
02;2021-01-19;140;0;953;1;0.3;0.0
02;2021-01-20;163;0;1116;1;0.3;0.0
02;2021-01-21;181;0;1297;1;0.4;0.0
02;2021-01-22;156;0;1453;1;0.4;0.0
02;2021-01-23;58;0;1511;1;0.4;0.0
02;2021-01-25;156;0;1667;1;0.5;0.0
02;2021-01-26;132;0;1799;1;0.5;0.0
02;2021-01-27;158;6;1957;7;0.5;0.0
02;2021-01-28;143;24;2100;31;0.6;0.0
02;2021-01-29;143;57;2243;88;0.6;0.0
02;2021-01-30;94;16;2337;104;0.7;0.0
02;2021-02-01;114;105;2451;209;0.7;0.1
02;2021-02-02;182;81;2633;290;0.7;0.1
02;2021-02-03;127;69;2760;359;0.8;0.1
02;2021-02-04;156;61;2916;420;0.8;0.1
02;2021-02-05;120;87;3036;507;0.8;0.1
02;2021-02-06;61;25;3097;532;0.9;0.1
02;2021-02-07;1;0;3098;532;0.9;0.1
02;2021-02-08;134;93;3232;625;0.9;0.2
02;2021-02-09;165;70;3397;695;0.9;0.2
02;2021-02-10;136;89;3533;784;1.0;0.2
02;2021-02-11;130;108;3663;892;1.0;0.2
02;2021-02-12;122;124;3785;1016;1.1;0.3
02;2021-02-13;31;38;3816;1054;1.1;0.3
02;2021-02-15;42;63;3858;1117;1.1;0.3
02;2021-02-17;0;1;3858;1118;1.1;0.3
02;2021-02-18;63;129;3921;1247;1.1;0.3
02;2021-02-19;69;126;3990;1373;1.1;0.4
02;2021-02-20;48;68;4038;1441;1.1;0.4
02;2021-02-22;96;134;4134;1575;1.2;0.4
02;2021-02-23;112;219;4246;1794;1.2;0.5
02;2021-02-24;92;169;4338;1963;1.2;0.5
02;2021-02-25;78;149;4416;2112;1.2;0.6
02;2021-02-26;111;164;4527;2276;1.3;0.6
02;2021-02-27;68;51;4595;2327;1.3;0.6
02;2021-03-01;137;137;4732;2464;1.3;0.7
02;2021-03-02;155;114;4887;2578;1.4;0.7
02;2021-03-03;176;102;5063;2680;1.4;0.7
02;2021-03-04;141;122;5204;2802;1.5;0.8
02;2021-03-05;215;115;5419;2917;1.5;0.8
03;2021-01-13;30;0;30;0;0.0;0.0
03;2021-01-14;46;0;76;0;0.0;0.0
03;2021-01-15;34;0;110;0;0.0;0.0
03;2021-01-16;18;0;128;0;0.0;0.0
03;2021-01-18;61;0;189;0;0.1;0.0
03;2021-01-19;142;0;331;0;0.1;0.0
03;2021-01-20;132;0;463;0;0.2;0.0
03;2021-01-21;116;0;579;0;0.2;0.0
03;2021-01-22;75;0;654;0;0.2;0.0
03;2021-01-25;56;0;710;0;0.2;0.0
03;2021-01-26;97;0;807;0;0.3;0.0
03;2021-01-27;109;0;916;0;0.3;0.0
03;2021-01-28;96;2;1012;2;0.3;0.0
03;2021-01-29;103;2;1115;4;0.4;0.0
03;2021-02-01;54;0;1169;4;0.4;0.0
03;2021-02-02;122;4;1291;8;0.4;0.0
03;2021-02-03;113;18;1404;26;0.5;0.0
03;2021-02-04;79;37;1483;63;0.5;0.0
03;2021-02-05;55;7;1538;70;0.5;0.0
03;2021-02-08;48;12;1586;82;0.5;0.0
03;2021-02-09;91;38;1677;120;0.6;0.0
03;2021-02-10;98;76;1775;196;0.6;0.1
03;2021-02-11;81;71;1856;267;0.6;0.1
03;2021-02-12;63;43;1919;310;0.7;0.1
03;2021-02-15;26;63;1945;373;0.7;0.1
03;2021-02-16;118;50;2063;423;0.7;0.1
03;2021-02-17;132;123;2195;546;0.8;0.2
03;2021-02-18;100;140;2295;686;0.8;0.2
03;2021-02-19;119;72;2414;758;0.8;0.3
03;2021-02-22;78;48;2492;806;0.9;0.3
03;2021-02-23;152;93;2644;899;0.9;0.3
03;2021-02-24;182;119;2826;1018;1.0;0.4
03;2021-02-25;252;89;3078;1107;1.1;0.4
03;2021-02-26;249;67;3327;1174;1.1;0.4
03;2021-02-27;112;1;3439;1175;1.2;0.4
03;2021-03-01;173;87;3612;1262;1.2;0.4
03;2021-03-02;243;104;3855;1366;1.3;0.5
03;2021-03-03;249;105;4104;1471;1.4;0.5
03;2021-03-04;259;69;4363;1540;1.5;0.5
03;2021-03-05;238;40;4601;1580;1.6;0.5
04;2021-01-01;1;0;1;0;0.0;0.0
04;2021-01-05;1;0;2;0;0.0;0.0
04;2021-01-09;1;0;3;0;0.0;0.0
04;2021-01-15;301;0;304;0;0.0;0.0
04;2021-01-16;26;0;330;0;0.0;0.0
04;2021-01-18;49;0;379;0;0.0;0.0
04;2021-01-19;393;0;772;0;0.1;0.0
04;2021-01-20;435;0;1207;0;0.1;0.0
04;2021-01-21;605;0;1812;0;0.2;0.0
04;2021-01-22;409;0;2221;0;0.3;0.0
04;2021-01-23;75;0;2296;0;0.3;0.0
04;2021-01-25;271;0;2567;0;0.3;0.0
04;2021-01-26;428;0;2995;0;0.3;0.0
04;2021-01-27;317;0;3312;0;0.4;0.0
04;2021-01-28;402;0;3714;0;0.4;0.0
04;2021-01-29;418;2;4132;2;0.5;0.0
04;2021-01-30;418;0;4550;2;0.5;0.0
04;2021-02-01;371;4;4921;6;0.6;0.0
04;2021-02-02;495;3;5416;9;0.6;0.0
04;2021-02-03;569;13;5985;22;0.7;0.0
04;2021-02-04;591;17;6576;39;0.8;0.0
04;2021-02-05;545;239;7121;278;0.8;0.0
04;2021-02-06;447;3;7568;281;0.9;0.0
04;2021-02-08;462;31;8030;312;0.9;0.0
04;2021-02-09;769;112;8799;424;1.0;0.0
04;2021-02-10;695;92;9494;516;1.1;0.1
04;2021-02-11;731;104;10225;620;1.2;0.1
04;2021-02-12;633;78;10858;698;1.3;0.1
04;2021-02-13;538;19;11396;717;1.3;0.1
04;2021-02-14;1;0;11397;717;1.3;0.1
04;2021-02-15;520;152;11917;869;1.4;0.1
04;2021-02-16;619;443;12536;1312;1.5;0.2
04;2021-02-17;524;350;13060;1662;1.5;0.2
04;2021-02-18;478;436;13538;2098;1.6;0.2
04;2021-02-19;498;283;14036;2381;1.6;0.3
04;2021-02-20;572;105;14608;2486;1.7;0.3
04;2021-02-22;399;231;15007;2717;1.7;0.3
04;2021-02-23;602;236;15609;2953;1.8;0.3
04;2021-02-24;560;247;16169;3200;1.9;0.4
04;2021-02-25;622;288;16791;3488;2.0;0.4
04;2021-02-26;454;434;17245;3922;2.0;0.5
04;2021-02-27;342;401;17587;4323;2.0;0.5
04;2021-03-01;279;387;17866;4710;2.1;0.5
04;2021-03-02;452;493;18318;5203;2.1;0.6
04;2021-03-03;714;589;19032;5792;2.2;0.7
04;2021-03-04;721;503;19753;6295;2.3;0.7
04;2021-03-05;715;486;20468;6781;2.4;0.8
06;2021-01-11;9;0;9;0;0.0;0.0
06;2021-01-23;1;0;10;0;0.0;0.0
06;2021-01-25;133;0;143;0;0.1;0.0
06;2021-01-26;155;1;298;1;0.1;0.0
06;2021-01-27;233;0;531;1;0.2;0.0
06;2021-01-28;80;0;611;1;0.2;0.0
06;2021-01-29;215;1;826;2;0.3;0.0
06;2021-01-30;283;0;1109;2;0.4;0.0
06;2021-01-31;1;0;1110;2;0.4;0.0
06;2021-02-01;100;1;1210;3;0.4;0.0
06;2021-02-02;327;0;1537;3;0.5;0.0
06;2021-02-03;214;0;1751;3;0.6;0.0
06;2021-02-04;213;0;1964;3;0.7;0.0
06;2021-02-05;211;0;2175;3;0.8;0.0
06;2021-02-06;82;0;2257;3;0.8;0.0
06;2021-02-08;72;2;2329;5;0.8;0.0
06;2021-02-09;154;2;2483;7;0.9;0.0
06;2021-02-10;149;0;2632;7;0.9;0.0
06;2021-02-11;217;0;2849;7;1.0;0.0
06;2021-02-12;264;1;3113;8;1.1;0.0
06;2021-02-13;55;0;3168;8;1.1;0.0
06;2021-02-15;257;1;3425;9;1.2;0.0
06;2021-02-16;246;7;3671;16;1.3;0.0
06;2021-02-17;165;0;3836;16;1.4;0.0
06;2021-02-18;163;3;3999;19;1.4;0.0
06;2021-02-19;223;7;4222;26;1.5;0.0
06;2021-02-20;134;4;4356;30;1.6;0.0
06;2021-02-22;107;153;4463;183;1.6;0.1
06;2021-02-23;174;163;4637;346;1.7;0.1
06;2021-02-24;163;116;4800;462;1.7;0.2
06;2021-02-25;180;192;4980;654;1.8;0.2
06;2021-02-26;223;244;5203;898;1.9;0.3
06;2021-03-01;129;242;5332;1140;1.9;0.4
06;2021-03-02;194;253;5526;1393;2.0;0.5
06;2021-03-03;159;115;5685;1508;2.0;0.5
06;2021-03-04;174;83;5859;1591;2.1;0.6
06;2021-03-05;89;59;5948;1650;2.1;0.6
07;2021-01-15;1;0;1;0;0.0;0.0
07;2021-01-21;2;0;3;0;0.0;0.0
07;2021-01-28;1;0;4;0;0.0;0.0
07;2021-02-03;7;0;11;0;0.1;0.0
07;2021-02-04;12;0;23;0;0.2;0.0
07;2021-02-05;10;2;33;2;0.3;0.0
07;2021-02-08;9;0;42;2;0.4;0.0
07;2021-02-09;25;0;67;2;0.7;0.0
07;2021-02-10;18;0;85;2;0.9;0.0
07;2021-02-11;31;0;116;2;1.2;0.0
07;2021-02-12;21;0;137;2;1.4;0.0
07;2021-02-16;1;0;138;2;1.4;0.0
07;2021-02-17;0;1;138;3;1.4;0.0
07;2021-02-18;17;2;155;5;1.6;0.1
07;2021-02-19;22;0;177;5;1.8;0.1
07;2021-02-24;20;0;197;5;2.0;0.1
07;2021-02-25;13;10;210;15;2.1;0.2
07;2021-02-26;20;10;230;25;2.3;0.3
07;2021-03-02;14;13;244;38;2.4;0.4
07;2021-03-03;27;0;271;38;2.7;0.4
07;2021-03-04;25;20;296;58;3.0;0.6
07;2021-03-05;17;9;313;67;3.1;0.7
08;2021-02-02;3;0;3;0;0.0;0.0
08;2021-02-04;28;0;31;0;0.1;0.0
08;2021-02-19;1;0;32;0;0.1;0.0
08;2021-02-22;1;0;33;0;0.1;0.0
08;2021-02-23;3;0;36;0;0.1;0.0
08;2021-02-25;37;3;73;3;0.2;0.0
08;2021-02-26;32;4;105;7;0.3;0.0
08;2021-03-01;44;2;149;9;0.4;0.0
08;2021-03-02;5;41;154;50;0.4;0.1
08;2021-03-03;32;14;186;64;0.5;0.2
08;2021-03-04;25;20;211;84;0.6;0.2
08;2021-03-05;33;9;244;93;0.7;0.3
11;2020-12-27;10;0;10;0;0.0;0.0
11;2020-12-28;2;0;12;0;0.0;0.0
11;2020-12-29;55;0;67;0;0.0;0.0
11;2020-12-30;78;0;145;0;0.0;0.0
11;2020-12-31;36;0;181;0;0.0;0.0
11;2021-01-01;19;0;200;0;0.0;0.0
11;2021-01-02;57;0;257;0;0.0;0.0
11;2021-01-03;76;0;333;0;0.0;0.0
11;2021-01-04;540;0;873;0;0.0;0.0
11;2021-01-05;1983;0;2856;0;0.0;0.0
11;2021-01-06;2900;0;5756;0;0.0;0.0
11;2021-01-07;5148;0;10904;0;0.1;0.0
11;2021-01-08;6719;0;17623;0;0.1;0.0
11;2021-01-09;1850;0;19473;0;0.2;0.0
11;2021-01-10;1718;0;21191;0;0.2;0.0
11;2021-01-11;7594;0;28785;0;0.2;0.0
11;2021-01-12;9822;0;38607;0;0.3;0.0
11;2021-01-13;9504;0;48111;0;0.4;0.0
11;2021-01-14;9710;0;57821;0;0.5;0.0
11;2021-01-15;8481;6;66302;6;0.5;0.0
11;2021-01-16;2353;81;68655;87;0.6;0.0
11;2021-01-17;1070;1;69725;88;0.6;0.0
11;2021-01-18;11978;9;81703;97;0.7;0.0
11;2021-01-19;15416;31;97119;128;0.8;0.0
11;2021-01-20;17962;21;115081;149;0.9;0.0
11;2021-01-21;21612;35;136693;184;1.1;0.0
11;2021-01-22;16616;82;153309;266;1.2;0.0
11;2021-01-23;4872;30;158181;296;1.3;0.0
11;2021-01-24;1229;54;159410;350;1.3;0.0
11;2021-01-25;8724;184;168134;534;1.4;0.0
11;2021-01-26;12142;404;180276;938;1.5;0.0
11;2021-01-27;15978;762;196254;1700;1.6;0.0
11;2021-01-28;19978;1436;216232;3136;1.8;0.0
11;2021-01-29;15133;1555;231365;4691;1.9;0.0
11;2021-01-30;4417;142;235782;4833;1.9;0.0
11;2021-01-31;578;157;236360;4990;1.9;0.0
11;2021-02-01;7288;2483;243648;7473;2.0;0.1
11;2021-02-02;8222;3875;251870;11348;2.1;0.1
11;2021-02-03;8062;4798;259932;16146;2.1;0.1
11;2021-02-04;8722;6112;268654;22258;2.2;0.2
11;2021-02-05;8852;5957;277506;28215;2.3;0.2
11;2021-02-06;3199;1450;280705;29665;2.3;0.2
11;2021-02-07;573;1351;281278;31016;2.3;0.3
11;2021-02-08;6094;7133;287372;38149;2.3;0.3
11;2021-02-09;8213;11302;295585;49451;2.4;0.4
11;2021-02-10;9832;13602;305417;63053;2.5;0.5
11;2021-02-11;11669;15289;317086;78342;2.6;0.6
11;2021-02-12;11323;10768;328409;89110;2.7;0.7
11;2021-02-13;2589;1975;330998;91085;2.7;0.7
11;2021-02-14;287;602;331285;91687;2.7;0.7
11;2021-02-15;4253;10787;335538;102474;2.7;0.8
11;2021-02-16;5333;13491;340871;115965;2.8;0.9
11;2021-02-17;5494;16473;346365;132438;2.8;1.1
11;2021-02-18;8089;20542;354454;152980;2.9;1.2
11;2021-02-19;8484;14365;362938;167345;3.0;1.4
11;2021-02-20;1599;3794;364537;171139;3.0;1.4
11;2021-02-21;389;851;364926;171990;3.0;1.4
11;2021-02-22;3950;8801;368876;180791;3.0;1.5
11;2021-02-23;4571;9592;373447;190383;3.0;1.6
11;2021-02-24;4859;9230;378306;199613;3.1;1.6
11;2021-02-25;7887;9824;386193;209437;3.1;1.7
11;2021-02-26;10462;9302;396655;218739;3.2;1.8
11;2021-02-27;4754;3105;401409;221844;3.3;1.8
11;2021-02-28;595;485;402004;222329;3.3;1.8
11;2021-03-01;7878;7246;409882;229575;3.3;1.9
11;2021-03-02;13026;8867;422908;238442;3.4;1.9
11;2021-03-03;16768;9233;439676;247675;3.6;2.0
11;2021-03-04;23328;9990;463004;257665;3.8;2.1
11;2021-03-05;29871;9259;492875;266924;4.0;2.2
24;2020-12-28;7;0;7;0;0.0;0.0
24;2020-12-29;9;0;16;0;0.0;0.0
24;2021-01-01;1;0;17;0;0.0;0.0
24;2021-01-04;4;0;21;0;0.0;0.0
24;2021-01-05;163;0;184;0;0.0;0.0
24;2021-01-06;310;0;494;0;0.0;0.0
24;2021-01-07;480;0;974;0;0.0;0.0
24;2021-01-08;930;0;1904;0;0.1;0.0
24;2021-01-09;502;0;2406;0;0.1;0.0
24;2021-01-10;395;0;2801;0;0.1;0.0
24;2021-01-11;1271;0;4072;0;0.2;0.0
24;2021-01-12;2571;0;6643;0;0.3;0.0
24;2021-01-13;2128;0;8771;0;0.3;0.0
24;2021-01-14;2454;0;11225;0;0.4;0.0
24;2021-01-15;2025;1;13250;1;0.5;0.0
24;2021-01-16;851;56;14101;57;0.6;0.0
24;2021-01-17;312;1;14413;58;0.6;0.0
24;2021-01-18;3200;6;17613;64;0.7;0.0
24;2021-01-19;6266;10;23879;74;0.9;0.0
24;2021-01-20;7086;0;30965;74;1.2;0.0
24;2021-01-21;7346;1;38311;75;1.5;0.0
24;2021-01-22;5078;0;43389;75;1.7;0.0
24;2021-01-23;1269;1;44658;76;1.7;0.0
24;2021-01-24;224;0;44882;76;1.8;0.0
24;2021-01-25;3099;14;47981;90;1.9;0.0
24;2021-01-26;4641;79;52622;169;2.1;0.0
24;2021-01-27;5000;227;57622;396;2.3;0.0
24;2021-01-28;5592;533;63214;929;2.5;0.0
24;2021-01-29;3415;680;66629;1609;2.6;0.1
24;2021-01-30;1207;393;67836;2002;2.7;0.1
24;2021-01-31;251;348;68087;2350;2.7;0.1
24;2021-02-01;2167;963;70254;3313;2.7;0.1
24;2021-02-02;3012;2105;73266;5418;2.9;0.2
24;2021-02-03;3095;1754;76361;7172;3.0;0.3
24;2021-02-04;3221;1673;79582;8845;3.1;0.3
24;2021-02-05;2382;1271;81964;10116;3.2;0.4
24;2021-02-06;696;261;82660;10377;3.2;0.4
24;2021-02-07;133;31;82793;10408;3.2;0.4
24;2021-02-08;1966;1606;84759;12014;3.3;0.5
24;2021-02-09;3344;3711;88103;15725;3.4;0.6
24;2021-02-10;3989;4090;92092;19815;3.6;0.8
24;2021-02-11;4531;5262;96623;25077;3.8;1.0
24;2021-02-12;3417;3164;100040;28241;3.9;1.1
24;2021-02-13;828;690;100868;28931;3.9;1.1
24;2021-02-14;425;121;101293;29052;4.0;1.1
24;2021-02-15;1964;2924;103257;31976;4.0;1.2
24;2021-02-16;2759;4545;106016;36521;4.1;1.4
24;2021-02-17;2666;5133;108682;41654;4.2;1.6
24;2021-02-18;3407;5142;112089;46796;4.4;1.8
24;2021-02-19;3106;3351;115195;50147;4.5;2.0
24;2021-02-20;1283;939;116478;51086;4.6;2.0
24;2021-02-21;424;144;116902;51230;4.6;2.0
24;2021-02-22;1614;2737;118516;53967;4.6;2.1
24;2021-02-23;2321;3015;120837;56982;4.7;2.2
24;2021-02-24;2078;3268;122915;60250;4.8;2.4
24;2021-02-25;3539;3138;126454;63388;4.9;2.5
24;2021-02-26;4363;2576;130817;65964;5.1;2.6
24;2021-02-27;1844;908;132661;66872;5.2;2.6
24;2021-02-28;96;157;132757;67029;5.2;2.6
24;2021-03-01;2129;1926;134886;68955;5.3;2.7
24;2021-03-02;3363;2873;138249;71828;5.4;2.8
24;2021-03-03;3429;3354;141678;75182;5.5;2.9
24;2021-03-04;5031;3602;146709;78784;5.7;3.1
24;2021-03-05;6574;2543;153283;81327;6.0;3.2
27;2020-12-27;4;0;4;0;0.0;0.0
27;2020-12-29;19;0;23;0;0.0;0.0
27;2020-12-30;20;0;43;0;0.0;0.0
27;2021-01-03;1;0;44;0;0.0;0.0
27;2021-01-04;26;0;70;0;0.0;0.0
27;2021-01-05;261;0;331;0;0.0;0.0
27;2021-01-06;711;0;1042;0;0.0;0.0
27;2021-01-07;1551;0;2593;0;0.1;0.0
27;2021-01-08;1893;0;4486;0;0.2;0.0
27;2021-01-09;687;0;5173;0;0.2;0.0
27;2021-01-10;3;0;5176;0;0.2;0.0
27;2021-01-11;2400;0;7576;0;0.3;0.0
27;2021-01-12;3706;0;11282;0;0.4;0.0
27;2021-01-13;3756;0;15038;0;0.5;0.0
27;2021-01-14;4617;0;19655;0;0.7;0.0
27;2021-01-15;3532;4;23187;4;0.8;0.0
27;2021-01-16;783;40;23970;44;0.9;0.0
27;2021-01-17;116;0;24086;44;0.9;0.0
27;2021-01-18;6200;1;30286;45;1.1;0.0
27;2021-01-19;8312;24;38598;69;1.4;0.0
27;2021-01-20;7861;20;46459;89;1.7;0.0
27;2021-01-21;9255;1;55714;90;2.0;0.0
27;2021-01-22;7618;1;63332;91;2.3;0.0
27;2021-01-23;2973;0;66305;91;2.4;0.0
27;2021-01-24;346;0;66651;91;2.4;0.0
27;2021-01-25;5180;17;71831;108;2.6;0.0
27;2021-01-26;7308;307;79139;415;2.8;0.0
27;2021-01-27;7019;622;86158;1037;3.1;0.0
27;2021-01-28;6150;1189;92308;2226;3.3;0.1
27;2021-01-29;5814;1457;98122;3683;3.5;0.1
27;2021-01-30;2466;351;100588;4034;3.6;0.1
27;2021-01-31;250;3;100838;4037;3.6;0.1
27;2021-02-01;3355;1725;104193;5762;3.7;0.2
27;2021-02-02;4042;2834;108235;8596;3.9;0.3
27;2021-02-03;3616;2953;111851;11549;4.0;0.4
27;2021-02-04;3691;3351;115542;14900;4.2;0.5
27;2021-02-05;3223;2636;118765;17536;4.3;0.6
27;2021-02-06;1566;654;120331;18190;4.3;0.7
27;2021-02-07;5;4;120336;18194;4.3;0.7
27;2021-02-08;2867;2625;123203;20819;4.4;0.7
27;2021-02-09;2968;3706;126171;24525;4.5;0.9
27;2021-02-10;3003;3863;129174;28388;4.6;1.0
27;2021-02-11;3184;5008;132358;33396;4.8;1.2
27;2021-02-12;2697;4030;135055;37426;4.9;1.3
27;2021-02-13;976;1426;136031;38852;4.9;1.4
27;2021-02-14;259;220;136290;39072;4.9;1.4
27;2021-02-15;1216;5222;137506;44294;4.9;1.6
27;2021-02-16;1483;7155;138989;51449;5.0;1.8
27;2021-02-17;1767;6743;140756;58192;5.1;2.1
27;2021-02-18;2061;6185;142817;64377;5.1;2.3
27;2021-02-19;1678;5443;144495;69820;5.2;2.5
27;2021-02-20;688;2053;145183;71873;5.2;2.6
27;2021-02-21;0;149;145183;72022;5.2;2.6
27;2021-02-22;927;4649;146110;76671;5.3;2.8
27;2021-02-23;1155;5080;147265;81751;5.3;2.9
27;2021-02-24;1438;4726;148703;86477;5.3;3.1
27;2021-02-25;2853;4803;151556;91280;5.4;3.3
27;2021-02-26;3585;3900;155141;95180;5.6;3.4
27;2021-02-27;1879;1925;157020;97105;5.6;3.5
27;2021-02-28;106;210;157126;97315;5.6;3.5
27;2021-03-01;3503;3264;160629;100579;5.8;3.6
27;2021-03-02;5158;3996;165787;104575;6.0;3.8
27;2021-03-03;5710;3363;171497;107938;6.2;3.9
27;2021-03-04;6999;3311;178496;111249;6.4;4.0
27;2021-03-05;9010;2764;187506;114013;6.7;4.1
28;2020-12-29;2;0;2;0;0.0;0.0
28;2020-12-31;1;0;3;0;0.0;0.0
28;2021-01-03;1;0;4;0;0.0;0.0
28;2021-01-04;16;0;20;0;0.0;0.0
28;2021-01-05;169;0;189;0;0.0;0.0
28;2021-01-06;1354;0;1543;0;0.0;0.0
28;2021-01-07;2567;0;4110;0;0.1;0.0
28;2021-01-08;3392;0;7502;0;0.2;0.0
28;2021-01-09;1326;0;8828;0;0.3;0.0
28;2021-01-10;703;0;9531;0;0.3;0.0
28;2021-01-11;3150;0;12681;0;0.4;0.0
28;2021-01-12;3895;0;16576;0;0.5;0.0
28;2021-01-13;4259;0;20835;0;0.6;0.0
28;2021-01-14;7928;0;28763;0;0.9;0.0
28;2021-01-15;6150;4;34913;4;1.1;0.0
28;2021-01-16;2082;65;36995;69;1.1;0.0
28;2021-01-17;4059;2;41054;71;1.2;0.0
28;2021-01-18;8675;2;49729;73;1.5;0.0
28;2021-01-19;7066;0;56795;73;1.7;0.0
28;2021-01-20;6480;0;63275;73;1.9;0.0
28;2021-01-21;5968;0;69243;73;2.1;0.0
28;2021-01-22;5436;1;74679;74;2.3;0.0
28;2021-01-23;2015;2;76694;76;2.3;0.0
28;2021-01-24;1442;9;78136;85;2.4;0.0
28;2021-01-25;6215;166;84351;251;2.6;0.0
28;2021-01-26;4567;491;88918;742;2.7;0.0
28;2021-01-27;4008;839;92926;1581;2.8;0.0
28;2021-01-28;3736;1019;96662;2600;2.9;0.1
28;2021-01-29;3482;1348;100144;3948;3.0;0.1
28;2021-01-30;1386;511;101530;4459;3.1;0.1
28;2021-01-31;195;123;101725;4582;3.1;0.1
28;2021-02-01;2775;1739;104500;6321;3.2;0.2
28;2021-02-02;2966;2557;107466;8878;3.3;0.3
28;2021-02-03;2937;3112;110403;11990;3.3;0.4
28;2021-02-04;3684;6215;114087;18205;3.5;0.6
28;2021-02-05;3852;4297;117939;22502;3.6;0.7
28;2021-02-06;1108;1475;119047;23977;3.6;0.7
28;2021-02-07;710;2603;119757;26580;3.6;0.8
28;2021-02-08;3770;7670;123527;34250;3.7;1.0
28;2021-02-09;3419;5689;126946;39939;3.8;1.2
28;2021-02-10;3374;4645;130320;44584;3.9;1.3
28;2021-02-11;4057;4748;134377;49332;4.1;1.5
28;2021-02-12;3937;4233;138314;53565;4.2;1.6
28;2021-02-13;1107;1573;139421;55138;4.2;1.7
28;2021-02-14;278;1307;139699;56445;4.2;1.7
28;2021-02-15;2154;6185;141853;62630;4.3;1.9
28;2021-02-16;2595;5144;144448;67774;4.4;2.1
28;2021-02-17;1907;4397;146355;72171;4.4;2.2
28;2021-02-18;2479;4008;148834;76179;4.5;2.3
28;2021-02-19;2455;3467;151289;79646;4.6;2.4
28;2021-02-20;907;1244;152196;80890;4.6;2.4
28;2021-02-21;100;299;152296;81189;4.6;2.5
28;2021-02-22;1647;3958;153943;85147;4.7;2.6
28;2021-02-23;2132;3661;156075;88808;4.7;2.7
28;2021-02-24;2326;3735;158401;92543;4.8;2.8
28;2021-02-25;4672;4181;163073;96724;4.9;2.9
28;2021-02-26;5676;3627;168749;100351;5.1;3.0
28;2021-02-27;2959;1058;171708;101409;5.2;3.1
28;2021-02-28;340;358;172048;101767;5.2;3.1
28;2021-03-01;2446;4703;174494;106470;5.3;3.2
28;2021-03-02;3786;3860;178280;110330;5.4;3.3
28;2021-03-03;4597;3071;182877;113401;5.5;3.4
28;2021-03-04;6885;2522;189762;115923;5.7;3.5
28;2021-03-05;9579;2204;199341;118127;6.0;3.6
32;2020-12-28;26;0;26;0;0.0;0.0
32;2020-12-29;12;0;38;0;0.0;0.0
32;2021-01-01;1;0;39;0;0.0;0.0
32;2021-01-03;2;0;41;0;0.0;0.0
32;2021-01-04;81;0;122;0;0.0;0.0
32;2021-01-05;297;0;419;0;0.0;0.0
32;2021-01-06;785;0;1204;0;0.0;0.0
32;2021-01-07;2415;0;3619;0;0.1;0.0
32;2021-01-08;3109;0;6728;0;0.1;0.0
32;2021-01-09;955;0;7683;0;0.1;0.0
32;2021-01-10;633;0;8316;0;0.1;0.0
32;2021-01-11;3135;0;11451;0;0.2;0.0
32;2021-01-12;4737;0;16188;0;0.3;0.0
32;2021-01-13;4798;0;20986;0;0.4;0.0
32;2021-01-14;5535;0;26521;0;0.4;0.0
32;2021-01-15;5033;8;31554;8;0.5;0.0
32;2021-01-16;1631;39;33185;47;0.6;0.0
32;2021-01-17;855;0;34040;47;0.6;0.0
32;2021-01-18;7080;1;41120;48;0.7;0.0
32;2021-01-19;9769;31;50889;79;0.9;0.0
32;2021-01-20;10161;7;61050;86;1.0;0.0
32;2021-01-21;12395;6;73445;92;1.2;0.0
32;2021-01-22;9672;1;83117;93;1.4;0.0
32;2021-01-23;3354;0;86471;93;1.5;0.0
32;2021-01-24;1119;12;87590;105;1.5;0.0
32;2021-01-25;6741;122;94331;227;1.6;0.0
32;2021-01-26;7261;202;101592;429;1.7;0.0
32;2021-01-27;4789;536;106381;965;1.8;0.0
32;2021-01-28;8432;2133;114813;3098;1.9;0.1
32;2021-01-29;5268;2213;120081;5311;2.0;0.1
32;2021-01-30;506;454;120587;5765;2.0;0.1
32;2021-01-31;66;136;120653;5901;2.0;0.1
32;2021-02-01;189;2264;120842;8165;2.0;0.1
32;2021-02-02;771;3598;121613;11763;2.0;0.2
32;2021-02-03;4033;3210;125646;14973;2.1;0.3
32;2021-02-04;3666;3785;129312;18758;2.2;0.3
32;2021-02-05;1961;3540;131273;22298;2.2;0.4
32;2021-02-06;494;957;131767;23255;2.2;0.4
32;2021-02-07;532;194;132299;23449;2.2;0.4
32;2021-02-08;1829;3541;134128;26990;2.2;0.5
32;2021-02-09;2529;4439;136657;31429;2.3;0.5
32;2021-02-10;2897;5349;139554;36778;2.3;0.6
32;2021-02-11;4570;6656;144124;43434;2.4;0.7
32;2021-02-12;4821;4756;148945;48190;2.5;0.8
32;2021-02-13;921;1859;149866;50049;2.5;0.8
32;2021-02-14;115;1032;149981;51081;2.5;0.9
32;2021-02-15;3389;7162;153370;58243;2.6;1.0
32;2021-02-16;3930;8295;157300;66538;2.6;1.1
32;2021-02-17;4194;8569;161494;75107;2.7;1.3
32;2021-02-18;6649;12105;168143;87212;2.8;1.5
32;2021-02-19;6754;8046;174897;95258;2.9;1.6
32;2021-02-20;2473;2492;177370;97750;3.0;1.6
32;2021-02-21;393;251;177763;98001;3.0;1.6
32;2021-02-22;3097;4887;180860;102888;3.0;1.7
32;2021-02-23;5265;5429;186125;108317;3.1;1.8
32;2021-02-24;7177;5972;193302;114289;3.2;1.9
32;2021-02-25;12449;4283;205751;118572;3.5;2.0
32;2021-02-26;12173;2146;217924;120718;3.7;2.0
32;2021-02-27;6097;148;224021;120866;3.8;2.0
32;2021-02-28;251;28;224272;120894;3.8;2.0
32;2021-03-01;6818;356;231090;121250;3.9;2.0
32;2021-03-02;10485;525;241575;121775;4.1;2.0
32;2021-03-03;11599;785;253174;122560;4.2;2.1
32;2021-03-04;14027;1589;267201;124149;4.5;2.1
32;2021-03-05;16357;1251;283558;125400;4.8;2.1
44;2020-12-31;11;0;11;0;0.0;0.0
44;2021-01-02;2;0;13;0;0.0;0.0
44;2021-01-03;1;0;14;0;0.0;0.0
44;2021-01-04;239;0;253;0;0.0;0.0
44;2021-01-05;768;0;1021;0;0.0;0.0
44;2021-01-06;1238;0;2259;0;0.0;0.0
44;2021-01-07;2385;0;4644;0;0.1;0.0
44;2021-01-08;3054;0;7698;0;0.1;0.0
44;2021-01-09;922;0;8620;0;0.2;0.0
44;2021-01-10;222;0;8842;0;0.2;0.0
44;2021-01-11;2903;0;11745;0;0.2;0.0
44;2021-01-12;5117;0;16862;0;0.3;0.0
44;2021-01-13;7474;0;24336;0;0.4;0.0
44;2021-01-14;9253;0;33589;0;0.6;0.0
44;2021-01-15;6479;1;40068;1;0.7;0.0
44;2021-01-16;1878;70;41946;71;0.8;0.0
44;2021-01-17;902;0;42848;71;0.8;0.0
44;2021-01-18;8665;1;51513;72;0.9;0.0
44;2021-01-19;10543;1;62056;73;1.1;0.0
44;2021-01-20;10847;4;72903;77;1.3;0.0
44;2021-01-21;11635;7;84538;84;1.5;0.0
44;2021-01-22;9553;4;94091;88;1.7;0.0
44;2021-01-23;3279;15;97370;103;1.8;0.0
44;2021-01-24;1565;6;98935;109;1.8;0.0
44;2021-01-25;6519;292;105454;401;1.9;0.0
44;2021-01-26;5623;447;111077;848;2.0;0.0
44;2021-01-27;7337;653;118414;1501;2.1;0.0
44;2021-01-28;8737;1395;127151;2896;2.3;0.1
44;2021-01-29;6705;1935;133856;4831;2.4;0.1
44;2021-01-30;2532;631;136388;5462;2.5;0.1
44;2021-01-31;1241;138;137629;5600;2.5;0.1
44;2021-02-01;6295;2337;143924;7937;2.6;0.1
44;2021-02-02;6026;4327;149950;12264;2.7;0.2
44;2021-02-03;5465;5196;155415;17460;2.8;0.3
44;2021-02-04;6221;7837;161636;25297;2.9;0.5
44;2021-02-05;6209;5037;167845;30334;3.0;0.6
44;2021-02-06;1925;1306;169770;31640;3.1;0.6
44;2021-02-07;401;685;170171;32325;3.1;0.6
44;2021-02-08;3780;4625;173951;36950;3.2;0.7
44;2021-02-09;5570;5899;179521;42849;3.3;0.8
44;2021-02-10;6079;6125;185600;48974;3.4;0.9
44;2021-02-11;6910;6933;192510;55907;3.5;1.0
44;2021-02-12;7136;5151;199646;61058;3.6;1.1
44;2021-02-13;2503;1178;202149;62236;3.7;1.1
44;2021-02-14;1602;1083;203751;63319;3.7;1.1
44;2021-02-15;3833;6663;207584;69982;3.8;1.3
44;2021-02-16;4442;7335;212026;77317;3.8;1.4
44;2021-02-17;4556;8031;216582;85348;3.9;1.5
44;2021-02-18;5722;9276;222304;94624;4.0;1.7
44;2021-02-19;5195;6985;227499;101609;4.1;1.8
44;2021-02-20;2316;2884;229815;104493;4.2;1.9
44;2021-02-21;528;1367;230343;105860;4.2;1.9
44;2021-02-22;4221;7093;234564;112953;4.3;2.0
44;2021-02-23;5603;6677;240167;119630;4.4;2.2
44;2021-02-24;6279;5826;246446;125456;4.5;2.3
44;2021-02-25;10044;6700;256490;132156;4.7;2.4
44;2021-02-26;11910;5614;268400;137770;4.9;2.5
44;2021-02-27;7753;2120;276153;139890;5.0;2.5
44;2021-02-28;2084;439;278237;140329;5.0;2.5
44;2021-03-01;5761;4363;283998;144692;5.2;2.6
44;2021-03-02;9041;5112;293039;149804;5.3;2.7
44;2021-03-03;10876;5249;303915;155053;5.5;2.8
44;2021-03-04;12501;5417;316416;160470;5.7;2.9
44;2021-03-05;16711;4791;333127;165261;6.0;3.0
52;2021-01-01;1;0;1;0;0.0;0.0
52;2021-01-02;1;0;2;0;0.0;0.0
52;2021-01-03;1;0;3;0;0.0;0.0
52;2021-01-04;34;0;37;0;0.0;0.0
52;2021-01-05;167;0;204;0;0.0;0.0
52;2021-01-06;330;0;534;0;0.0;0.0
52;2021-01-07;856;0;1390;0;0.0;0.0
52;2021-01-08;1621;0;3011;0;0.1;0.0
52;2021-01-09;1048;0;4059;0;0.1;0.0
52;2021-01-10;643;0;4702;0;0.1;0.0
52;2021-01-11;2190;0;6892;0;0.2;0.0
52;2021-01-12;3081;0;9973;0;0.3;0.0
52;2021-01-13;2907;0;12880;0;0.3;0.0
52;2021-01-14;3234;0;16114;0;0.4;0.0
52;2021-01-15;2980;3;19094;3;0.5;0.0
52;2021-01-16;890;22;19984;25;0.5;0.0
52;2021-01-17;498;0;20482;25;0.5;0.0
52;2021-01-18;3196;1;23678;26;0.6;0.0
52;2021-01-19;6506;1;30184;27;0.8;0.0
52;2021-01-20;8220;0;38404;27;1.0;0.0
52;2021-01-21;11970;0;50374;27;1.3;0.0
52;2021-01-22;7168;19;57542;46;1.5;0.0
52;2021-01-23;1676;2;59218;48;1.6;0.0
52;2021-01-24;174;0;59392;48;1.6;0.0
52;2021-01-25;2988;10;62380;58;1.6;0.0
52;2021-01-26;6696;187;69076;245;1.8;0.0
52;2021-01-27;7225;160;76301;405;2.0;0.0
52;2021-01-28;9633;537;85934;942;2.3;0.0
52;2021-01-29;5919;985;91853;1927;2.4;0.1
52;2021-01-30;1257;371;93110;2298;2.4;0.1
52;2021-01-31;79;313;93189;2611;2.5;0.1
52;2021-02-01;2505;1348;95694;3959;2.5;0.1
52;2021-02-02;2962;2240;98656;6199;2.6;0.2
52;2021-02-03;2676;2058;101332;8257;2.7;0.2
52;2021-02-04;2953;2207;104285;10464;2.7;0.3
52;2021-02-05;2951;2236;107236;12700;2.8;0.3
52;2021-02-06;1062;682;108298;13382;2.8;0.4
52;2021-02-07;150;290;108448;13672;2.9;0.4
52;2021-02-08;1916;2173;110364;15845;2.9;0.4
52;2021-02-09;3119;4050;113483;19895;3.0;0.5
52;2021-02-10;3277;5434;116760;25329;3.1;0.7
52;2021-02-11;5876;10446;122636;35775;3.2;0.9
52;2021-02-12;4583;4863;127219;40638;3.3;1.1
52;2021-02-13;1126;1126;128345;41764;3.4;1.1
52;2021-02-14;20;304;128365;42068;3.4;1.1
52;2021-02-15;1950;3123;130315;45191;3.4;1.2
52;2021-02-16;4024;6603;134339;51794;3.5;1.4
52;2021-02-17;3746;7022;138085;58816;3.6;1.5
52;2021-02-18;6006;9492;144091;68308;3.8;1.8
52;2021-02-19;5126;5641;149217;73949;3.9;1.9
52;2021-02-20;951;1219;150168;75168;3.9;2.0
52;2021-02-21;6;68;150174;75236;4.0;2.0
52;2021-02-22;2550;2951;152724;78187;4.0;2.1
52;2021-02-23;3293;3312;156017;81499;4.1;2.1
52;2021-02-24;3160;2713;159177;84212;4.2;2.2
52;2021-02-25;6213;2946;165390;87158;4.4;2.3
52;2021-02-26;6093;2715;171483;89873;4.5;2.4
52;2021-02-27;2186;999;173669;90872;4.6;2.4
52;2021-02-28;72;42;173741;90914;4.6;2.4
52;2021-03-01;2971;2259;176712;93173;4.6;2.5
52;2021-03-02;4599;3246;181311;96419;4.8;2.5
52;2021-03-03;5161;3176;186472;99595;4.9;2.6
52;2021-03-04;7374;4560;193846;104155;5.1;2.7
52;2021-03-05;8558;3560;202404;107715;5.3;2.8
53;2021-01-01;2;0;2;0;0.0;0.0
53;2021-01-02;3;0;5;0;0.0;0.0
53;2021-01-04;43;0;48;0;0.0;0.0
53;2021-01-05;200;0;248;0;0.0;0.0
53;2021-01-06;327;0;575;0;0.0;0.0
53;2021-01-07;834;0;1409;0;0.0;0.0
53;2021-01-08;1208;0;2617;0;0.1;0.0
53;2021-01-09;33;0;2650;0;0.1;0.0
53;2021-01-10;3;0;2653;0;0.1;0.0
53;2021-01-11;1658;0;4311;0;0.1;0.0
53;2021-01-12;3266;0;7577;0;0.2;0.0
53;2021-01-13;3246;0;10823;0;0.3;0.0
53;2021-01-14;3722;0;14545;0;0.4;0.0
53;2021-01-15;3252;1;17797;1;0.5;0.0
53;2021-01-16;682;29;18479;30;0.6;0.0
53;2021-01-17;180;1;18659;31;0.6;0.0
53;2021-01-18;3303;0;21962;31;0.7;0.0
53;2021-01-19;8091;0;30053;31;0.9;0.0
53;2021-01-20;6899;0;36952;31;1.1;0.0
53;2021-01-21;11176;1;48128;32;1.4;0.0
53;2021-01-22;7597;0;55725;32;1.7;0.0
53;2021-01-23;1490;0;57215;32;1.7;0.0
53;2021-01-24;253;0;57468;32;1.7;0.0
53;2021-01-25;3051;56;60519;88;1.8;0.0
53;2021-01-26;4081;265;64600;353;1.9;0.0
53;2021-01-27;7168;317;71768;670;2.1;0.0
53;2021-01-28;6886;632;78654;1302;2.4;0.0
53;2021-01-29;4188;722;82842;2024;2.5;0.1
53;2021-01-30;844;36;83686;2060;2.5;0.1
53;2021-01-31;78;3;83764;2063;2.5;0.1
53;2021-02-01;2205;1141;85969;3204;2.6;0.1
53;2021-02-02;3419;2361;89388;5565;2.7;0.2
53;2021-02-03;3158;2219;92546;7784;2.8;0.2
53;2021-02-04;6909;2352;99455;10136;3.0;0.3
53;2021-02-05;5391;2095;104846;12231;3.1;0.4
53;2021-02-06;1165;275;106011;12506;3.2;0.4
53;2021-02-07;212;120;106223;12626;3.2;0.4
53;2021-02-08;1625;1549;107848;14175;3.2;0.4
53;2021-02-09;3875;6035;111723;20210;3.3;0.6
53;2021-02-10;3746;5395;115469;25605;3.5;0.8
53;2021-02-11;5534;9411;121003;35016;3.6;1.0
53;2021-02-12;5524;5171;126527;40187;3.8;1.2
53;2021-02-13;1218;548;127745;40735;3.8;1.2
53;2021-02-14;25;120;127770;40855;3.8;1.2
53;2021-02-15;2278;2992;130048;43847;3.9;1.3
53;2021-02-16;3925;3049;133973;46896;4.0;1.4
53;2021-02-17;3961;5518;137934;52414;4.1;1.6
53;2021-02-18;5720;5997;143654;58411;4.3;1.7
53;2021-02-19;5044;4400;148698;62811;4.5;1.9
53;2021-02-20;1177;812;149875;63623;4.5;1.9
53;2021-02-21;162;100;150037;63723;4.5;1.9
53;2021-02-22;2308;2610;152345;66333;4.6;2.0
53;2021-02-23;3873;3436;156218;69769;4.7;2.1
53;2021-02-24;4310;3627;160528;73396;4.8;2.2
53;2021-02-25;7643;7161;168171;80557;5.0;2.4
53;2021-02-26;8524;4229;176695;84786;5.3;2.5
53;2021-02-27;3398;1077;180093;85863;5.4;2.6
53;2021-02-28;227;175;180320;86038;5.4;2.6
53;2021-03-01;3382;2088;183702;88126;5.5;2.6
53;2021-03-02;5521;4381;189223;92507;5.7;2.8
53;2021-03-03;6297;3476;195520;95983;5.9;2.9
53;2021-03-04;8727;4801;204247;100784;6.1;3.0
53;2021-03-05;11410;4797;215657;105581;6.5;3.2
75;2020-12-28;1;0;1;0;0.0;0.0
75;2020-12-29;2;0;3;0;0.0;0.0
75;2020-12-30;1;0;4;0;0.0;0.0
75;2021-01-02;1;0;5;0;0.0;0.0
75;2021-01-04;89;0;94;0;0.0;0.0
75;2021-01-05;124;0;218;0;0.0;0.0
75;2021-01-06;733;0;951;0;0.0;0.0
75;2021-01-07;4861;0;5812;0;0.1;0.0
75;2021-01-08;5289;0;11101;0;0.2;0.0
75;2021-01-09;836;0;11937;0;0.2;0.0
75;2021-01-10;478;0;12415;0;0.2;0.0
75;2021-01-11;3551;0;15966;0;0.3;0.0
75;2021-01-12;5923;0;21889;0;0.4;0.0
75;2021-01-13;6514;0;28403;0;0.5;0.0
75;2021-01-14;7979;0;36382;0;0.6;0.0
75;2021-01-15;7472;5;43854;5;0.7;0.0
75;2021-01-16;1512;60;45366;65;0.8;0.0
75;2021-01-17;420;1;45786;66;0.8;0.0
75;2021-01-18;6854;1;52640;67;0.9;0.0
75;2021-01-19;13991;0;66631;67;1.1;0.0
75;2021-01-20;15382;0;82013;67;1.4;0.0
75;2021-01-21;16754;2;98767;69;1.6;0.0
75;2021-01-22;12870;4;111637;73;1.9;0.0
75;2021-01-23;4414;1;116051;74;1.9;0.0
75;2021-01-24;697;1;116748;75;1.9;0.0
75;2021-01-25;8848;224;125596;299;2.1;0.0
75;2021-01-26;11519;588;137115;887;2.3;0.0
75;2021-01-27;12162;844;149277;1731;2.5;0.0
75;2021-01-28;12849;3037;162126;4768;2.7;0.1
75;2021-01-29;9963;2961;172089;7729;2.9;0.1
75;2021-01-30;3374;479;175463;8208;2.9;0.1
75;2021-01-31;644;396;176107;8604;2.9;0.1
75;2021-02-01;5745;2811;181852;11415;3.0;0.2
75;2021-02-02;9507;4848;191359;16263;3.2;0.3
75;2021-02-03;9556;4359;200915;20622;3.3;0.3
75;2021-02-04;10641;6092;211556;26714;3.5;0.4
75;2021-02-05;7448;5404;219004;32118;3.7;0.5
75;2021-02-06;2330;878;221334;32996;3.7;0.5
75;2021-02-07;670;222;222004;33218;3.7;0.6
75;2021-02-08;5071;3861;227075;37079;3.8;0.6
75;2021-02-09;7201;9326;234276;46405;3.9;0.8
75;2021-02-10;7485;9341;241761;55746;4.0;0.9
75;2021-02-11;8647;11610;250408;67356;4.2;1.1
75;2021-02-12;7303;8144;257711;75500;4.3;1.3
75;2021-02-13;1874;1664;259585;77164;4.3;1.3
75;2021-02-14;272;308;259857;77472;4.3;1.3
75;2021-02-15;3197;7178;263054;84650;4.4;1.4
75;2021-02-16;4558;10193;267612;94843;4.5;1.6
75;2021-02-17;4524;11243;272136;106086;4.5;1.8
75;2021-02-18;5142;12954;277278;119040;4.6;2.0
75;2021-02-19;5263;9156;282541;128196;4.7;2.1
75;2021-02-20;975;2599;283516;130795;4.7;2.2
75;2021-02-21;179;558;283695;131353;4.7;2.2
75;2021-02-22;3516;7679;287211;139032;4.8;2.3
75;2021-02-23;5089;10586;292300;149618;4.9;2.5
75;2021-02-24;5855;10139;298155;159757;5.0;2.7
75;2021-02-25;9534;11403;307689;171160;5.1;2.9
75;2021-02-26;11607;8045;319296;179205;5.3;3.0
75;2021-02-27;5683;2393;324979;181598;5.4;3.0
75;2021-02-28;306;567;325285;182165;5.4;3.0
75;2021-03-01;4844;6495;330129;188660;5.5;3.1
75;2021-03-02;8986;7783;339115;196443;5.7;3.3
75;2021-03-03;10445;7443;349560;203886;5.8;3.4
75;2021-03-04;15607;7855;365167;211741;6.1;3.5
75;2021-03-05;19876;6567;385043;218308;6.4;3.6
76;2020-12-31;1;0;1;0;0.0;0.0
76;2021-01-01;3;0;4;0;0.0;0.0
76;2021-01-02;2;0;6;0;0.0;0.0
76;2021-01-03;1;0;7;0;0.0;0.0
76;2021-01-04;58;0;65;0;0.0;0.0
76;2021-01-05;471;0;536;0;0.0;0.0
76;2021-01-06;777;0;1313;0;0.0;0.0
76;2021-01-07;2524;0;3837;0;0.1;0.0
76;2021-01-08;3164;0;7001;0;0.1;0.0
76;2021-01-09;1523;0;8524;0;0.1;0.0
76;2021-01-10;515;0;9039;0;0.2;0.0
76;2021-01-11;3444;0;12483;0;0.2;0.0
76;2021-01-12;5536;0;18019;0;0.3;0.0
76;2021-01-13;6275;0;24294;0;0.4;0.0
76;2021-01-14;8775;0;33069;0;0.6;0.0
76;2021-01-15;7061;6;40130;6;0.7;0.0
76;2021-01-16;1944;78;42074;84;0.7;0.0
76;2021-01-17;702;0;42776;84;0.7;0.0
76;2021-01-18;7559;2;50335;86;0.8;0.0
76;2021-01-19;11076;1;61411;87;1.0;0.0
76;2021-01-20;13495;1;74906;88;1.3;0.0
76;2021-01-21;16373;0;91279;88;1.5;0.0
76;2021-01-22;11586;5;102865;93;1.7;0.0
76;2021-01-23;3869;4;106734;97;1.8;0.0
76;2021-01-24;721;9;107455;106;1.8;0.0
76;2021-01-25;7744;76;115199;182;1.9;0.0
76;2021-01-26;10219;279;125418;461;2.1;0.0
76;2021-01-27;10627;548;136045;1009;2.3;0.0
76;2021-01-28;9979;1975;146024;2984;2.5;0.1
76;2021-01-29;7915;2237;153939;5221;2.6;0.1
76;2021-01-30;3153;705;157092;5926;2.7;0.1
76;2021-01-31;512;251;157604;6177;2.7;0.1
76;2021-02-01;5735;2627;163339;8804;2.8;0.1
76;2021-02-02;9809;4259;173148;13063;2.9;0.2
76;2021-02-03;9400;4365;182548;17428;3.1;0.3
76;2021-02-04;9918;6353;192466;23781;3.2;0.4
76;2021-02-05;7651;4962;200117;28743;3.4;0.5
76;2021-02-06;2612;948;202729;29691;3.4;0.5
76;2021-02-07;525;364;203254;30055;3.4;0.5
76;2021-02-08;4721;4267;207975;34322;3.5;0.6
76;2021-02-09;6116;7178;214091;41500;3.6;0.7
76;2021-02-10;6957;9730;221048;51230;3.7;0.9
76;2021-02-11;8686;11734;229734;62964;3.9;1.1
76;2021-02-12;7761;7539;237495;70503;4.0;1.2
76;2021-02-13;2584;2166;240079;72669;4.1;1.2
76;2021-02-14;344;769;240423;73438;4.1;1.2
76;2021-02-15;3231;5955;243654;79393;4.1;1.3
76;2021-02-16;4083;8525;247737;87918;4.2;1.5
76;2021-02-17;4217;9603;251954;97521;4.3;1.6
76;2021-02-18;5628;9592;257582;107113;4.3;1.8
76;2021-02-19;4713;7857;262295;114970;4.4;1.9
76;2021-02-20;1516;2869;263811;117839;4.5;2.0
76;2021-02-21;250;527;264061;118366;4.5;2.0
76;2021-02-22;3214;7262;267275;125628;4.5;2.1
76;2021-02-23;4759;10477;272034;136105;4.6;2.3
76;2021-02-24;4409;10360;276443;146465;4.7;2.5
76;2021-02-25;7979;9660;284422;156125;4.8;2.6
76;2021-02-26;9284;7909;293706;164034;5.0;2.8
76;2021-02-27;3575;2920;297281;166954;5.0;2.8
76;2021-02-28;420;332;297701;167286;5.0;2.8
76;2021-03-01;5065;5891;302766;173177;5.1;2.9
76;2021-03-02;7952;7086;310718;180263;5.2;3.0
76;2021-03-03;8906;7042;319624;187305;5.4;3.2
76;2021-03-04;13327;7671;332951;194976;5.6;3.3
76;2021-03-05;16016;6328;348967;201304;5.9;3.4
84;2020-12-28;6;0;6;0;0.0;0.0
84;2020-12-29;5;0;11;0;0.0;0.0
84;2020-12-30;5;0;16;0;0.0;0.0
84;2020-12-31;12;0;28;0;0.0;0.0
84;2021-01-01;7;0;35;0;0.0;0.0
84;2021-01-02;1;0;36;0;0.0;0.0
84;2021-01-04;173;0;209;0;0.0;0.0
84;2021-01-05;451;0;660;0;0.0;0.0
84;2021-01-06;1125;0;1785;0;0.0;0.0
84;2021-01-07;2760;0;4545;0;0.1;0.0
84;2021-01-08;3022;0;7567;0;0.1;0.0
84;2021-01-09;503;0;8070;0;0.1;0.0
84;2021-01-10;159;0;8229;0;0.1;0.0
84;2021-01-11;4136;0;12365;0;0.2;0.0
84;2021-01-12;6168;0;18533;0;0.2;0.0
84;2021-01-13;6716;0;25249;0;0.3;0.0
84;2021-01-14;8729;0;33978;0;0.4;0.0
84;2021-01-15;7557;8;41535;8;0.5;0.0
84;2021-01-16;2934;40;44469;48;0.6;0.0
84;2021-01-17;915;1;45384;49;0.6;0.0
84;2021-01-18;8791;7;54175;56;0.7;0.0
84;2021-01-19;14721;7;68896;63;0.9;0.0
84;2021-01-20;15239;6;84135;69;1.0;0.0
84;2021-01-21;14273;7;98408;76;1.2;0.0
84;2021-01-22;12234;5;110642;81;1.4;0.0
84;2021-01-23;4735;0;115377;81;1.4;0.0
84;2021-01-24;807;0;116184;81;1.4;0.0
84;2021-01-25;8714;152;124898;233;1.6;0.0
84;2021-01-26;11758;357;136656;590;1.7;0.0
84;2021-01-27;11895;683;148551;1273;1.8;0.0
84;2021-01-28;13377;1821;161928;3094;2.0;0.0
84;2021-01-29;10648;1462;172576;4556;2.1;0.1
84;2021-01-30;4095;300;176671;4856;2.2;0.1
84;2021-01-31;498;1;177169;4857;2.2;0.1
84;2021-02-01;6479;2029;183648;6886;2.3;0.1
84;2021-02-02;10372;3762;194020;10648;2.4;0.1
84;2021-02-03;11208;4191;205228;14839;2.6;0.2
84;2021-02-04;12133;5934;217361;20773;2.7;0.3
84;2021-02-05;8376;4831;225737;25604;2.8;0.3
84;2021-02-06;2590;1042;228327;26646;2.8;0.3
84;2021-02-07;449;429;228776;27075;2.8;0.3
84;2021-02-08;6082;4807;234858;31882;2.9;0.4
84;2021-02-09;9042;9094;243900;40976;3.0;0.5
84;2021-02-10;9253;9391;253153;50367;3.2;0.6
84;2021-02-11;10210;10262;263363;60629;3.3;0.8
84;2021-02-12;9333;7970;272696;68599;3.4;0.9
84;2021-02-13;3448;2225;276144;70824;3.4;0.9
84;2021-02-14;601;363;276745;71187;3.4;0.9
84;2021-02-15;4681;8354;281426;79541;3.5;1.0
84;2021-02-16;5790;10289;287216;89830;3.6;1.1
84;2021-02-17;5695;11226;292911;101056;3.6;1.3
84;2021-02-18;6496;11788;299407;112844;3.7;1.4
84;2021-02-19;6332;8804;305739;121648;3.8;1.5
84;2021-02-20;1677;3286;307416;124934;3.8;1.6
84;2021-02-21;175;457;307591;125391;3.8;1.6
84;2021-02-22;4067;8664;311658;134055;3.9;1.7
84;2021-02-23;6750;11590;318408;145645;4.0;1.8
84;2021-02-24;6860;11942;325268;157587;4.0;2.0
84;2021-02-25;11647;13248;336915;170835;4.2;2.1
84;2021-02-26;13795;8786;350710;179621;4.4;2.2
84;2021-02-27;5334;2805;356044;182426;4.4;2.3
84;2021-02-28;447;254;356491;182680;4.4;2.3
84;2021-03-01;8492;5946;364983;188626;4.5;2.3
84;2021-03-02;13926;7715;378909;196341;4.7;2.4
84;2021-03-03;13953;7208;392862;203549;4.9;2.5
84;2021-03-04;18965;7058;411827;210607;5.1;2.6
84;2021-03-05;23575;5947;435402;216554;5.4;2.7
93;2020-12-27;1;0;1;0;0.0;0.0
93;2020-12-30;3;0;4;0;0.0;0.0
93;2020-12-31;19;0;23;0;0.0;0.0
93;2021-01-01;9;0;32;0;0.0;0.0
93;2021-01-02;2;0;34;0;0.0;0.0
93;2021-01-03;1;0;35;0;0.0;0.0
93;2021-01-04;129;0;164;0;0.0;0.0
93;2021-01-05;239;0;403;0;0.0;0.0
93;2021-01-06;403;0;806;0;0.0;0.0
93;2021-01-07;1234;0;2040;0;0.0;0.0
93;2021-01-08;1557;0;3597;0;0.1;0.0
93;2021-01-09;536;0;4133;0;0.1;0.0
93;2021-01-10;72;0;4205;0;0.1;0.0
93;2021-01-11;2326;0;6531;0;0.1;0.0
93;2021-01-12;4958;0;11489;0;0.2;0.0
93;2021-01-13;4316;0;15805;0;0.3;0.0
93;2021-01-14;5232;0;21037;0;0.4;0.0
93;2021-01-15;4769;3;25806;3;0.5;0.0
93;2021-01-16;1659;37;27465;40;0.5;0.0
93;2021-01-17;297;1;27762;41;0.5;0.0
93;2021-01-18;6829;4;34591;45;0.7;0.0
93;2021-01-19;13089;1;47680;46;0.9;0.0
93;2021-01-20;11754;3;59434;49;1.2;0.0
93;2021-01-21;11884;11;71318;60;1.4;0.0
93;2021-01-22;9726;1;81044;61;1.6;0.0
93;2021-01-23;3229;0;84273;61;1.7;0.0
93;2021-01-24;512;0;84785;61;1.7;0.0
93;2021-01-25;7105;64;91890;125;1.8;0.0
93;2021-01-26;9461;143;101351;268;2.0;0.0
93;2021-01-27;8976;343;110327;611;2.2;0.0
93;2021-01-28;13257;943;123584;1554;2.4;0.0
93;2021-01-29;9516;1074;133100;2628;2.6;0.1
93;2021-01-30;2205;116;135305;2744;2.7;0.1
93;2021-01-31;297;0;135602;2744;2.7;0.1
93;2021-02-01;5015;1641;140617;4385;2.8;0.1
93;2021-02-02;5848;2361;146465;6746;2.9;0.1
93;2021-02-03;4958;2039;151423;8785;3.0;0.2
93;2021-02-04;5262;3903;156685;12688;3.1;0.3
93;2021-02-05;5874;4762;162559;17450;3.2;0.3
93;2021-02-06;1214;1098;163773;18548;3.2;0.4
93;2021-02-07;276;16;164049;18564;3.2;0.4
93;2021-02-08;4182;3990;168231;22554;3.3;0.4
93;2021-02-09;5742;8011;173973;30565;3.4;0.6
93;2021-02-10;5614;6550;179587;37115;3.6;0.7
93;2021-02-11;6374;7012;185961;44127;3.7;0.9
93;2021-02-12;5466;6417;191427;50544;3.8;1.0
93;2021-02-13;1066;1638;192493;52182;3.8;1.0
93;2021-02-14;77;240;192570;52422;3.8;1.0
93;2021-02-15;2249;5678;194819;58100;3.9;1.1
93;2021-02-16;2966;7712;197785;65812;3.9;1.3
93;2021-02-17;3452;8670;201237;74482;4.0;1.5
93;2021-02-18;5396;12107;206633;86589;4.1;1.7
93;2021-02-19;5080;8290;211713;94879;4.2;1.9
93;2021-02-20;753;1771;212466;96650;4.2;1.9
93;2021-02-21;69;321;212535;96971;4.2;1.9
93;2021-02-22;2493;6075;215028;103046;4.3;2.0
93;2021-02-23;3024;6118;218052;109164;4.3;2.2
93;2021-02-24;3863;6212;221915;115376;4.4;2.3
93;2021-02-25;7083;5923;228998;121299;4.5;2.4
93;2021-02-26;7004;5348;236002;126647;4.7;2.5
93;2021-02-27;2762;1243;238764;127890;4.7;2.5
93;2021-02-28;298;207;239062;128097;4.7;2.5
93;2021-03-01;4634;4195;243696;132292;4.8;2.6
93;2021-03-02;6290;5401;249986;137693;4.9;2.7
93;2021-03-03;7655;5860;257641;143553;5.1;2.8
93;2021-03-04;9634;6141;267275;149694;5.3;3.0
93;2021-03-05;10683;5121;277958;154815;5.5;3.1
94;2021-01-04;2;0;2;0;0.0;0.0
94;2021-01-06;53;0;55;0;0.0;0.0
94;2021-01-07;330;0;385;0;0.1;0.0
94;2021-01-08;309;0;694;0;0.2;0.0
94;2021-01-09;76;0;770;0;0.2;0.0
94;2021-01-10;34;0;804;0;0.2;0.0
94;2021-01-11;151;0;955;0;0.3;0.0
94;2021-01-12;206;0;1161;0;0.3;0.0
94;2021-01-13;203;0;1364;0;0.4;0.0
94;2021-01-14;263;0;1627;0;0.5;0.0
94;2021-01-15;379;0;2006;0;0.6;0.0
94;2021-01-16;197;2;2203;2;0.6;0.0
94;2021-01-17;89;0;2292;2;0.7;0.0
94;2021-01-18;469;0;2761;2;0.8;0.0
94;2021-01-19;980;0;3741;2;1.1;0.0
94;2021-01-20;804;0;4545;2;1.3;0.0
94;2021-01-21;806;0;5351;2;1.6;0.0
94;2021-01-22;704;0;6055;2;1.8;0.0
94;2021-01-23;243;1;6298;3;1.8;0.0
94;2021-01-24;146;0;6444;3;1.9;0.0
94;2021-01-25;422;1;6866;4;2.0;0.0
94;2021-01-26;788;5;7654;9;2.2;0.0
94;2021-01-27;663;56;8317;65;2.4;0.0
94;2021-01-28;702;241;9019;306;2.6;0.1
94;2021-01-29;608;248;9627;554;2.8;0.2
94;2021-01-30;204;75;9831;629;2.9;0.2
94;2021-01-31;149;7;9980;636;2.9;0.2
94;2021-02-01;451;170;10431;806;3.0;0.2
94;2021-02-02;642;167;11073;973;3.2;0.3
94;2021-02-03;780;166;11853;1139;3.4;0.3
94;2021-02-04;712;304;12565;1443;3.6;0.4
94;2021-02-05;656;237;13221;1680;3.8;0.5
94;2021-02-06;197;80;13418;1760;3.9;0.5
94;2021-02-07;125;50;13543;1810;3.9;0.5
94;2021-02-08;319;369;13862;2179;4.0;0.6
94;2021-02-09;708;621;14570;2800;4.2;0.8
94;2021-02-10;638;398;15208;3198;4.4;0.9
94;2021-02-11;671;447;15879;3645;4.6;1.1
94;2021-02-12;640;399;16519;4044;4.8;1.2
94;2021-02-13;282;74;16801;4118;4.9;1.2
94;2021-02-14;193;74;16994;4192;4.9;1.2
94;2021-02-15;375;278;17369;4470;5.0;1.3
94;2021-02-16;632;601;18001;5071;5.2;1.5
94;2021-02-17;583;451;18584;5522;5.4;1.6
94;2021-02-18;544;542;19128;6064;5.5;1.8
94;2021-02-19;284;592;19412;6656;5.6;1.9
94;2021-02-20;275;192;19687;6848;5.7;2.0
94;2021-02-21;55;84;19742;6932;5.7;2.0
94;2021-02-22;211;395;19953;7327;5.8;2.1
94;2021-02-23;350;642;20303;7969;5.9;2.3
94;2021-02-24;294;595;20597;8564;6.0;2.5
94;2021-02-25;347;605;20944;9169;6.1;2.7
94;2021-02-26;413;550;21357;9719;6.2;2.8
94;2021-02-27;367;151;21724;9870;6.3;2.9
94;2021-02-28;68;123;21792;9993;6.3;2.9
94;2021-03-01;346;415;22138;10408;6.4;3.0
94;2021-03-02;537;647;22675;11055;6.6;3.2
94;2021-03-03;517;683;23192;11738;6.7;3.4
94;2021-03-04;923;637;24115;12375;7.0;3.6
94;2021-03-05;1546;592;25661;12967;7.4;3.8
