fra;jour;n_dose1;n_dose2;n_cum_dose1;couv_dose1;n_cum_dose2;couv_dose2
FR;2020-12-27;17;0;17;0.0;0;0.0
FR;2020-12-28;59;0;76;0.0;0;0.0
FR;2020-12-29;107;0;183;0.0;0;0.0
FR;2020-12-30;115;0;298;0.0;0;0.0
FR;2020-12-31;83;0;381;0.0;0;0.0
FR;2021-01-01;55;0;436;0.0;0;0.0
FR;2021-01-02;71;0;507;0.0;0;0.0
FR;2021-01-03;87;0;594;0.0;0;0.0
FR;2021-01-04;1462;0;2056;0.0;0;0.0
FR;2021-01-05;5351;0;7407;0.0;0;0.0
FR;2021-01-06;11247;0;18654;0.0;0;0.0
FR;2021-01-07;28445;0;47099;0.1;0;0.0
FR;2021-01-08;35876;0;82975;0.1;0;0.0
FR;2021-01-09;10864;0;93839;0.1;0;0.0
FR;2021-01-10;5599;0;99438;0.1;0;0.0
FR;2021-01-11;38707;0;138145;0.2;0;0.0
FR;2021-01-12;60271;0;198416;0.3;0;0.0
FR;2021-01-13;63290;0;261706;0.4;0;0.0
FR;2021-01-14;79376;0;341082;0.5;0;0.0
FR;2021-01-15;66850;0;407932;0.6;0;0.0
FR;2021-01-16;19567;652;427499;0.6;652;0.0
FR;2021-01-17;10437;40;437936;0.7;692;0.0
FR;2021-01-18;84052;187;521988;0.8;879;0.0
FR;2021-01-19;127728;227;649716;1.0;1106;0.0
FR;2021-01-20;134481;154;784197;1.2;1260;0.0
FR;2021-01-21;154465;156;938662;1.4;1416;0.0
FR;2021-01-22;117855;222;1056517;1.6;1638;0.0
FR;2021-01-23;37709;83;1094226;1.6;1721;0.0
FR;2021-01-24;9315;104;1103541;1.6;1825;0.0
FR;2021-01-25;76551;1498;1180092;1.8;3323;0.0
FR;2021-01-26;98230;3922;1278322;1.9;7245;0.0
FR;2021-01-27;105311;6795;1383633;2.1;14040;0.0
FR;2021-01-28;121758;17504;1505391;2.2;31544;0.0
FR;2021-01-29;90598;19610;1595989;2.4;51154;0.1
FR;2021-01-30;28593;4659;1624582;2.4;55813;0.1
FR;2021-01-31;4855;1906;1629437;2.4;57719;0.1
FR;2021-02-01;51328;24103;1680765;2.5;81822;0.1
FR;2021-02-02;70217;40591;1750982;2.6;122413;0.2
FR;2021-02-03;70695;41823;1821677;2.7;164236;0.2
FR;2021-02-04;80038;58502;1901715;2.8;222738;0.3
FR;2021-02-05;66719;49425;1968434;2.9;272163;0.4
FR;2021-02-06;21202;11357;1989636;3.0;283520;0.4
FR;2021-02-07;4810;6443;1994446;3.0;289963;0.4
FR;2021-02-08;45691;50002;2040137;3.0;339965;0.5
FR;2021-02-09;64487;82165;2104624;3.1;422130;0.6
FR;2021-02-10;68798;87121;2173422;3.2;509251;0.8
FR;2021-02-11;84938;109788;2258360;3.4;619039;0.9
FR;2021-02-12;77108;75531;2335468;3.5;694570;1.0
FR;2021-02-13;21535;18650;2357003;3.5;713220;1.1
FR;2021-02-14;4539;6747;2361542;3.5;719967;1.1
FR;2021-02-15;36742;74948;2398284;3.6;794915;1.2
FR;2021-02-16;48786;96407;2447070;3.6;891322;1.3
FR;2021-02-17;49006;107733;2496076;3.7;999055;1.5
FR;2021-02-18;67171;125218;2563247;3.8;1124273;1.7
FR;2021-02-19;63193;90779;2626440;3.9;1215052;1.8
FR;2021-02-20;17848;27636;2644288;3.9;1242688;1.9
FR;2021-02-21;2836;5380;2647124;3.9;1248068;1.9
FR;2021-02-22;36130;70686;2683254;4.0;1318754;2.0
FR;2021-02-23;52070;83507;2735324;4.1;1402261;2.1
FR;2021-02-24;57532;82438;2792856;4.2;1484699;2.2
FR;2021-02-25;97499;88466;2890355;4.3;1573165;2.3
FR;2021-02-26;110607;68895;3000962;4.5;1642060;2.4
FR;2021-02-27;50574;22055;3051536;4.5;1664115;2.5
FR;2021-02-28;5616;3571;3057152;4.6;1667686;2.5
FR;2021-03-01;62835;52391;3119987;4.6;1720077;2.6
FR;2021-03-02;98386;66219;3218373;4.8;1786296;2.7
FR;2021-03-03;112251;64189;3330624;5.0;1850485;2.8
FR;2021-03-04;157742;72939;3488366;5.2;1923424;2.9
FR;2021-03-05;195408;61022;3683774;5.5;1984446;3.0
FR;2021-03-06;201936;16715;3885710;5.8;2001161;3.0
FR;2021-03-07;118771;2390;4004481;6.0;2003551;3.0
FR;2021-03-08;103761;46734;4108242;6.1;2050285;3.1
FR;2021-03-09;167983;53872;4276225;6.4;2104157;3.1
FR;2021-03-10;173886;55533;4450111;6.6;2159690;3.2
FR;2021-03-11;236904;62897;4687015;7.0;2222587;3.3
FR;2021-03-12;288152;51780;4975167;7.4;2274367;3.4
FR;2021-03-13;226217;14701;5201384;7.7;2289068;3.4
FR;2021-03-14;61903;2446;5263287;7.8;2291514;3.4
FR;2021-03-15;154602;29283;5417889;8.1;2320797;3.5
FR;2021-03-16;138732;36959;5556621;8.3;2357756;3.5
FR;2021-03-17;147207;35775;5703828;8.5;2393531;3.6
FR;2021-03-18;164159;42641;5867987;8.7;2436172;3.6
FR;2021-03-19;225136;34868;6093123;9.1;2471040;3.7
FR;2021-03-20;163800;10833;6256923;9.3;2481873;3.7
FR;2021-03-21;48624;1489;6305547;9.4;2483362;3.7
FR;2021-03-22;166089;31868;6471636;9.6;2515230;3.7
FR;2021-03-23;245290;40774;6716926;10.0;2556004;3.8
FR;2021-03-24;251902;42059;6968828;10.4;2598063;3.9
FR;2021-03-25;335241;44181;7304069;10.9;2642244;3.9
FR;2021-03-26;351756;40350;7655825;11.4;2682594;4.0
FR;2021-03-27;191161;16608;7846986;11.7;2699202;4.0
FR;2021-03-28;57389;4721;7904375;11.8;2703923;4.0
FR;2021-03-29;197886;51399;8102261;12.1;2755322;4.1
FR;2021-03-30;277947;68904;8380208;12.5;2824226;4.2
FR;2021-03-31;255583;73235;8635791;12.9;2897461;4.3
FR;2021-04-01;303332;93099;8939123;13.3;2990560;4.5
FR;2021-04-02;273707;95095;9212830;13.7;3085655;4.6
FR;2021-04-03;137696;62344;9350526;13.9;3147999;4.7
FR;2021-04-04;44504;18852;9395030;14.0;3166851;4.7
FR;2021-04-05;58301;9767;9453331;14.1;3176618;4.7
FR;2021-04-06;206398;112752;9659729;14.4;3289370;4.9
FR;2021-04-07;251840;113306;9911569;14.8;3402676;5.1
FR;2021-04-08;326513;121600;10238082;15.3;3524276;5.3
FR;2021-04-09;398361;115246;10636443;15.8;3639522;5.4
FR;2021-04-10;208388;81794;10844831;16.2;3721316;5.5
FR;2021-04-11;54628;33463;10899459;16.2;3754779;5.6
FR;2021-04-12;230528;113298;11129987;16.6;3868077;5.8
FR;2021-04-13;300216;140207;11430203;17.0;4008284;6.0
FR;2021-04-14;285075;136930;11715278;17.5;4145214;6.2
FR;2021-04-15;324901;145961;12040179;17.9;4291175;6.4
FR;2021-04-16;328079;142998;12368258;18.4;4434173;6.6
FR;2021-04-17;183281;88505;12551539;18.7;4522678;6.7
FR;2021-04-18;49561;35030;12601100;18.8;4557708;6.8
FR;2021-04-19;196458;134996;12797558;19.1;4692704;7.0
FR;2021-04-20;242865;167173;13040423;19.4;4859877;7.2
FR;2021-04-21;238640;165317;13279063;19.8;5025194;7.5
FR;2021-04-22;268953;182292;13548016;20.2;5207486;7.8
