reg;jour;n_dose1;n_dose2;n_cum_dose1;n_cum_dose2;couv_dose1;couv_dose2
01;2021-01-08;1;0;1;0;0.0;0.0
01;2021-01-09;2;0;3;0;0.0;0.0
01;2021-01-12;20;0;23;0;0.0;0.0
01;2021-01-13;17;0;40;0;0.0;0.0
01;2021-01-14;35;0;75;0;0.0;0.0
01;2021-01-15;31;0;106;0;0.0;0.0
01;2021-01-18;62;0;168;0;0.0;0.0
01;2021-01-19;104;0;272;0;0.1;0.0
01;2021-01-20;64;0;336;0;0.1;0.0
01;2021-01-21;95;0;431;0;0.1;0.0
01;2021-01-22;54;0;485;0;0.1;0.0
01;2021-01-25;83;0;568;0;0.2;0.0
01;2021-01-26;99;1;667;1;0.2;0.0
01;2021-01-27;200;0;867;1;0.2;0.0
01;2021-01-28;107;2;974;3;0.3;0.0
01;2021-01-29;92;0;1066;3;0.3;0.0
01;2021-01-30;2;0;1068;3;0.3;0.0
01;2021-02-01;94;5;1162;8;0.3;0.0
01;2021-02-02;136;24;1298;32;0.3;0.0
01;2021-02-03;132;7;1430;39;0.4;0.0
01;2021-02-04;129;25;1559;64;0.4;0.0
01;2021-02-05;148;28;1707;92;0.5;0.0
01;2021-02-06;1;0;1708;92;0.5;0.0
01;2021-02-08;105;20;1813;112;0.5;0.0
01;2021-02-09;203;37;2016;149;0.5;0.0
01;2021-02-10;125;40;2141;189;0.6;0.1
01;2021-02-11;166;108;2307;297;0.6;0.1
01;2021-02-12;210;37;2517;334;0.7;0.1
01;2021-02-13;0;9;2517;343;0.7;0.1
01;2021-02-14;12;32;2529;375;0.7;0.1
01;2021-02-15;91;31;2620;406;0.7;0.1
01;2021-02-18;126;36;2746;442;0.7;0.1
01;2021-02-19;173;58;2919;500;0.8;0.1
01;2021-02-22;102;47;3021;547;0.8;0.1
01;2021-02-23;154;86;3175;633;0.8;0.2
01;2021-02-24;192;110;3367;743;0.9;0.2
01;2021-02-25;152;75;3519;818;0.9;0.2
01;2021-02-26;92;97;3611;915;1.0;0.2
01;2021-03-01;51;83;3662;998;1.0;0.3
01;2021-03-02;156;135;3818;1133;1.0;0.3
01;2021-03-03;54;102;3872;1235;1.0;0.3
01;2021-03-04;101;84;3973;1319;1.1;0.3
01;2021-03-05;176;120;4149;1439;1.1;0.4
01;2021-03-06;74;0;4223;1439;1.1;0.4
01;2021-03-08;65;91;4288;1530;1.1;0.4
02;2021-01-06;5;0;5;0;0.0;0.0
02;2021-01-07;31;0;36;0;0.0;0.0
02;2021-01-08;79;0;115;0;0.0;0.0
02;2021-01-09;20;0;135;0;0.0;0.0
02;2021-01-11;117;0;252;0;0.1;0.0
02;2021-01-12;78;0;330;0;0.1;0.0
02;2021-01-13;64;0;394;0;0.1;0.0
02;2021-01-14;81;0;475;0;0.1;0.0
02;2021-01-15;130;0;605;0;0.2;0.0
02;2021-01-16;51;1;656;1;0.2;0.0
02;2021-01-18;157;0;813;1;0.2;0.0
02;2021-01-19;140;0;953;1;0.3;0.0
02;2021-01-20;163;0;1116;1;0.3;0.0
02;2021-01-21;181;0;1297;1;0.4;0.0
02;2021-01-22;156;0;1453;1;0.4;0.0
02;2021-01-23;58;0;1511;1;0.4;0.0
02;2021-01-25;156;0;1667;1;0.5;0.0
02;2021-01-26;132;0;1799;1;0.5;0.0
02;2021-01-27;158;6;1957;7;0.5;0.0
02;2021-01-28;143;24;2100;31;0.6;0.0
02;2021-01-29;143;57;2243;88;0.6;0.0
02;2021-01-30;95;16;2338;104;0.7;0.0
02;2021-02-01;114;105;2452;209;0.7;0.1
02;2021-02-02;182;81;2634;290;0.7;0.1
02;2021-02-03;127;69;2761;359;0.8;0.1
02;2021-02-04;156;61;2917;420;0.8;0.1
02;2021-02-05;120;87;3037;507;0.8;0.1
02;2021-02-06;62;25;3099;532;0.9;0.1
02;2021-02-07;1;0;3100;532;0.9;0.1
02;2021-02-08;134;93;3234;625;0.9;0.2
02;2021-02-09;165;70;3399;695;0.9;0.2
02;2021-02-10;136;89;3535;784;1.0;0.2
02;2021-02-11;131;108;3666;892;1.0;0.2
02;2021-02-12;122;124;3788;1016;1.1;0.3
02;2021-02-13;32;38;3820;1054;1.1;0.3
02;2021-02-15;42;63;3862;1117;1.1;0.3
02;2021-02-17;0;1;3862;1118;1.1;0.3
02;2021-02-18;63;129;3925;1247;1.1;0.3
02;2021-02-19;69;126;3994;1373;1.1;0.4
02;2021-02-20;48;68;4042;1441;1.1;0.4
02;2021-02-22;96;134;4138;1575;1.2;0.4
02;2021-02-23;112;219;4250;1794;1.2;0.5
02;2021-02-24;92;169;4342;1963;1.2;0.5
02;2021-02-25;78;149;4420;2112;1.2;0.6
02;2021-02-26;111;164;4531;2276;1.3;0.6
02;2021-02-27;68;51;4599;2327;1.3;0.6
02;2021-03-01;137;137;4736;2464;1.3;0.7
02;2021-03-02;155;114;4891;2578;1.4;0.7
02;2021-03-03;176;102;5067;2680;1.4;0.7
02;2021-03-04;141;122;5208;2802;1.5;0.8
02;2021-03-05;229;115;5437;2917;1.5;0.8
02;2021-03-06;116;58;5553;2975;1.5;0.8
02;2021-03-07;94;0;5647;2975;1.6;0.8
02;2021-03-08;181;124;5828;3099;1.6;0.9
03;2021-01-13;30;0;30;0;0.0;0.0
03;2021-01-14;46;0;76;0;0.0;0.0
03;2021-01-15;34;0;110;0;0.0;0.0
03;2021-01-16;18;0;128;0;0.0;0.0
03;2021-01-18;61;0;189;0;0.1;0.0
03;2021-01-19;142;0;331;0;0.1;0.0
03;2021-01-20;132;0;463;0;0.2;0.0
03;2021-01-21;116;0;579;0;0.2;0.0
03;2021-01-22;75;0;654;0;0.2;0.0
03;2021-01-25;56;0;710;0;0.2;0.0
03;2021-01-26;97;0;807;0;0.3;0.0
03;2021-01-27;109;0;916;0;0.3;0.0
03;2021-01-28;96;2;1012;2;0.3;0.0
03;2021-01-29;103;2;1115;4;0.4;0.0
03;2021-02-01;54;0;1169;4;0.4;0.0
03;2021-02-02;122;4;1291;8;0.4;0.0
03;2021-02-03;113;18;1404;26;0.5;0.0
03;2021-02-04;79;37;1483;63;0.5;0.0
03;2021-02-05;55;7;1538;70;0.5;0.0
03;2021-02-08;50;12;1588;82;0.5;0.0
03;2021-02-09;91;38;1679;120;0.6;0.0
03;2021-02-10;98;76;1777;196;0.6;0.1
03;2021-02-11;81;71;1858;267;0.6;0.1
03;2021-02-12;65;43;1923;310;0.7;0.1
03;2021-02-15;26;63;1949;373;0.7;0.1
03;2021-02-16;118;50;2067;423;0.7;0.1
03;2021-02-17;132;123;2199;546;0.8;0.2
03;2021-02-18;100;140;2299;686;0.8;0.2
03;2021-02-19;119;72;2418;758;0.8;0.3
03;2021-02-22;78;48;2496;806;0.9;0.3
03;2021-02-23;152;93;2648;899;0.9;0.3
03;2021-02-24;182;119;2830;1018;1.0;0.4
03;2021-02-25;252;89;3082;1107;1.1;0.4
03;2021-02-26;249;67;3331;1174;1.1;0.4
03;2021-02-27;112;1;3443;1175;1.2;0.4
03;2021-03-01;173;87;3616;1262;1.2;0.4
03;2021-03-02;243;104;3859;1366;1.3;0.5
03;2021-03-03;249;105;4108;1471;1.4;0.5
03;2021-03-04;259;69;4367;1540;1.5;0.5
03;2021-03-05;238;45;4605;1585;1.6;0.5
03;2021-03-06;115;0;4720;1585;1.6;0.5
03;2021-03-08;184;33;4904;1618;1.7;0.6
04;2021-01-01;1;0;1;0;0.0;0.0
04;2021-01-05;1;0;2;0;0.0;0.0
04;2021-01-09;1;0;3;0;0.0;0.0
04;2021-01-15;306;0;309;0;0.0;0.0
04;2021-01-16;26;0;335;0;0.0;0.0
04;2021-01-18;49;0;384;0;0.0;0.0
04;2021-01-19;393;0;777;0;0.1;0.0
04;2021-01-20;435;0;1212;0;0.1;0.0
04;2021-01-21;605;0;1817;0;0.2;0.0
04;2021-01-22;409;0;2226;0;0.3;0.0
04;2021-01-23;75;0;2301;0;0.3;0.0
04;2021-01-25;271;0;2572;0;0.3;0.0
04;2021-01-26;428;0;3000;0;0.3;0.0
04;2021-01-27;317;0;3317;0;0.4;0.0
04;2021-01-28;402;0;3719;0;0.4;0.0
04;2021-01-29;418;2;4137;2;0.5;0.0
04;2021-01-30;418;0;4555;2;0.5;0.0
04;2021-02-01;372;4;4927;6;0.6;0.0
04;2021-02-02;496;3;5423;9;0.6;0.0
04;2021-02-03;572;13;5995;22;0.7;0.0
04;2021-02-04;597;17;6592;39;0.8;0.0
04;2021-02-05;559;239;7151;278;0.8;0.0
04;2021-02-06;493;3;7644;281;0.9;0.0
04;2021-02-08;464;31;8108;312;0.9;0.0
04;2021-02-09;769;112;8877;424;1.0;0.0
04;2021-02-10;695;92;9572;516;1.1;0.1
04;2021-02-11;731;104;10303;620;1.2;0.1
04;2021-02-12;633;78;10936;698;1.3;0.1
04;2021-02-13;538;19;11474;717;1.3;0.1
04;2021-02-14;1;0;11475;717;1.3;0.1
04;2021-02-15;520;152;11995;869;1.4;0.1
04;2021-02-16;619;451;12614;1320;1.5;0.2
04;2021-02-17;525;350;13139;1670;1.5;0.2
04;2021-02-18;478;436;13617;2106;1.6;0.2
04;2021-02-19;498;283;14115;2389;1.6;0.3
04;2021-02-20;572;105;14687;2494;1.7;0.3
04;2021-02-22;400;231;15087;2725;1.8;0.3
04;2021-02-23;603;236;15690;2961;1.8;0.3
04;2021-02-24;560;261;16250;3222;1.9;0.4
04;2021-02-25;622;297;16872;3519;2.0;0.4
04;2021-02-26;454;434;17326;3953;2.0;0.5
04;2021-02-27;342;401;17668;4354;2.1;0.5
04;2021-03-01;279;387;17947;4741;2.1;0.6
04;2021-03-02;458;516;18405;5257;2.1;0.6
04;2021-03-03;724;642;19129;5899;2.2;0.7
04;2021-03-04;726;546;19855;6445;2.3;0.7
04;2021-03-05;716;486;20571;6931;2.4;0.8
04;2021-03-06;805;425;21376;7356;2.5;0.9
04;2021-03-08;425;483;21801;7839;2.5;0.9
06;2021-01-11;9;0;9;0;0.0;0.0
06;2021-01-23;1;0;10;0;0.0;0.0
06;2021-01-25;133;0;143;0;0.1;0.0
06;2021-01-26;155;1;298;1;0.1;0.0
06;2021-01-27;234;0;532;1;0.2;0.0
06;2021-01-28;91;0;623;1;0.2;0.0
06;2021-01-29;221;1;844;2;0.3;0.0
06;2021-01-30;283;0;1127;2;0.4;0.0
06;2021-01-31;1;0;1128;2;0.4;0.0
06;2021-02-01;100;1;1228;3;0.4;0.0
06;2021-02-02;327;0;1555;3;0.6;0.0
06;2021-02-03;214;0;1769;3;0.6;0.0
06;2021-02-04;213;0;1982;3;0.7;0.0
06;2021-02-05;211;0;2193;3;0.8;0.0
06;2021-02-06;82;0;2275;3;0.8;0.0
06;2021-02-08;72;2;2347;5;0.8;0.0
06;2021-02-09;155;2;2502;7;0.9;0.0
06;2021-02-10;149;0;2651;7;0.9;0.0
06;2021-02-11;217;0;2868;7;1.0;0.0
06;2021-02-12;265;1;3133;8;1.1;0.0
06;2021-02-13;55;0;3188;8;1.1;0.0
06;2021-02-15;257;1;3445;9;1.2;0.0
06;2021-02-16;246;7;3691;16;1.3;0.0
06;2021-02-17;165;0;3856;16;1.4;0.0
06;2021-02-18;163;3;4019;19;1.4;0.0
06;2021-02-19;223;7;4242;26;1.5;0.0
06;2021-02-20;134;4;4376;30;1.6;0.0
06;2021-02-22;107;153;4483;183;1.6;0.1
06;2021-02-23;174;163;4657;346;1.7;0.1
06;2021-02-24;163;116;4820;462;1.7;0.2
06;2021-02-25;180;211;5000;673;1.8;0.2
06;2021-02-26;226;261;5226;934;1.9;0.3
06;2021-03-01;129;242;5355;1176;1.9;0.4
06;2021-03-02;194;253;5549;1429;2.0;0.5
06;2021-03-03;159;115;5708;1544;2.0;0.6
06;2021-03-04;174;83;5882;1627;2.1;0.6
06;2021-03-05;96;61;5978;1688;2.1;0.6
06;2021-03-08;118;23;6096;1711;2.2;0.6
07;2021-01-15;1;0;1;0;0.0;0.0
07;2021-01-21;2;0;3;0;0.0;0.0
07;2021-01-28;1;0;4;0;0.0;0.0
07;2021-02-03;7;0;11;0;0.1;0.0
07;2021-02-04;12;0;23;0;0.2;0.0
07;2021-02-05;10;2;33;2;0.3;0.0
07;2021-02-08;9;0;42;2;0.4;0.0
07;2021-02-09;25;0;67;2;0.7;0.0
07;2021-02-10;18;0;85;2;0.9;0.0
07;2021-02-11;31;0;116;2;1.2;0.0
07;2021-02-12;21;0;137;2;1.4;0.0
07;2021-02-16;1;0;138;2;1.4;0.0
07;2021-02-17;0;1;138;3;1.4;0.0
07;2021-02-18;17;2;155;5;1.6;0.1
07;2021-02-19;22;0;177;5;1.8;0.1
07;2021-02-24;20;0;197;5;2.0;0.1
07;2021-02-25;13;10;210;15;2.1;0.2
07;2021-02-26;20;10;230;25;2.3;0.3
07;2021-03-02;14;13;244;38;2.4;0.4
07;2021-03-03;27;0;271;38;2.7;0.4
07;2021-03-04;25;20;296;58;3.0;0.6
07;2021-03-05;17;9;313;67;3.1;0.7
07;2021-03-08;1;0;314;67;3.2;0.7
08;2021-02-02;3;0;3;0;0.0;0.0
08;2021-02-04;28;0;31;0;0.1;0.0
08;2021-02-19;1;0;32;0;0.1;0.0
08;2021-02-22;1;0;33;0;0.1;0.0
08;2021-02-23;3;0;36;0;0.1;0.0
08;2021-02-25;37;3;73;3;0.2;0.0
08;2021-02-26;32;4;105;7;0.3;0.0
08;2021-03-01;44;2;149;9;0.4;0.0
08;2021-03-02;5;41;154;50;0.4;0.1
08;2021-03-03;32;14;186;64;0.5;0.2
08;2021-03-04;25;20;211;84;0.6;0.2
08;2021-03-05;33;9;244;93;0.7;0.3
08;2021-03-08;29;7;273;100;0.8;0.3
11;2020-12-27;10;0;10;0;0.0;0.0
11;2020-12-28;2;0;12;0;0.0;0.0
11;2020-12-29;55;0;67;0;0.0;0.0
11;2020-12-30;78;0;145;0;0.0;0.0
11;2020-12-31;36;0;181;0;0.0;0.0
11;2021-01-01;20;0;201;0;0.0;0.0
11;2021-01-02;57;0;258;0;0.0;0.0
11;2021-01-03;76;0;334;0;0.0;0.0
11;2021-01-04;540;0;874;0;0.0;0.0
11;2021-01-05;1984;0;2858;0;0.0;0.0
11;2021-01-06;2901;0;5759;0;0.0;0.0
11;2021-01-07;5150;0;10909;0;0.1;0.0
11;2021-01-08;6721;0;17630;0;0.1;0.0
11;2021-01-09;1850;0;19480;0;0.2;0.0
11;2021-01-10;1718;0;21198;0;0.2;0.0
11;2021-01-11;7598;0;28796;0;0.2;0.0
11;2021-01-12;9839;0;38635;0;0.3;0.0
11;2021-01-13;9513;0;48148;0;0.4;0.0
11;2021-01-14;9713;0;57861;0;0.5;0.0
11;2021-01-15;8484;0;66345;0;0.5;0.0
11;2021-01-16;2353;81;68698;81;0.6;0.0
11;2021-01-17;1070;1;69768;82;0.6;0.0
11;2021-01-18;11982;9;81750;91;0.7;0.0
11;2021-01-19;15423;31;97173;122;0.8;0.0
11;2021-01-20;17969;21;115142;143;0.9;0.0
11;2021-01-21;21631;35;136773;178;1.1;0.0
11;2021-01-22;16636;82;153409;260;1.2;0.0
11;2021-01-23;4908;30;158317;290;1.3;0.0
11;2021-01-24;1240;54;159557;344;1.3;0.0
11;2021-01-25;8730;184;168287;528;1.4;0.0
11;2021-01-26;12150;404;180437;932;1.5;0.0
11;2021-01-27;15994;762;196431;1694;1.6;0.0
11;2021-01-28;19965;1436;216396;3130;1.8;0.0
11;2021-01-29;15142;1556;231538;4686;1.9;0.0
11;2021-01-30;4418;142;235956;4828;1.9;0.0
11;2021-01-31;581;158;236537;4986;1.9;0.0
11;2021-02-01;7293;2485;243830;7471;2.0;0.1
11;2021-02-02;8225;3878;252055;11349;2.1;0.1
11;2021-02-03;8067;4804;260122;16153;2.1;0.1
11;2021-02-04;8731;6114;268853;22267;2.2;0.2
11;2021-02-05;8850;5962;277703;28229;2.3;0.2
11;2021-02-06;3223;1451;280926;29680;2.3;0.2
11;2021-02-07;576;1351;281502;31031;2.3;0.3
11;2021-02-08;6118;7139;287620;38170;2.3;0.3
11;2021-02-09;8210;11320;295830;49490;2.4;0.4
11;2021-02-10;9838;13614;305668;63104;2.5;0.5
11;2021-02-11;11689;15361;317357;78465;2.6;0.6
11;2021-02-12;11347;10779;328704;89244;2.7;0.7
11;2021-02-13;2624;1981;331328;91225;2.7;0.7
11;2021-02-14;290;602;331618;91827;2.7;0.7
11;2021-02-15;4273;10809;335891;102636;2.7;0.8
11;2021-02-16;5361;13542;341252;116178;2.8;0.9
11;2021-02-17;5522;16569;346774;132747;2.8;1.1
11;2021-02-18;8193;20611;354967;153358;2.9;1.2
11;2021-02-19;8526;14383;363493;167741;3.0;1.4
11;2021-02-20;1604;3799;365097;171540;3.0;1.4
11;2021-02-21;389;851;365486;172391;3.0;1.4
11;2021-02-22;4053;8985;369539;181376;3.0;1.5
11;2021-02-23;4726;9972;374265;191348;3.0;1.6
11;2021-02-24;5181;9593;379446;200941;3.1;1.6
11;2021-02-25;8126;10068;387572;211009;3.2;1.7
11;2021-02-26;10774;9501;398346;220510;3.2;1.8
11;2021-02-27;4908;3164;403254;223674;3.3;1.8
11;2021-02-28;648;545;403902;224219;3.3;1.8
11;2021-03-01;8186;7370;412088;231589;3.4;1.9
11;2021-03-02;13490;8937;425578;240526;3.5;2.0
11;2021-03-03;17511;9401;443089;249927;3.6;2.0
11;2021-03-04;25615;10318;468704;260245;3.8;2.1
11;2021-03-05;33742;9524;502446;269769;4.1;2.2
11;2021-03-06;44509;2555;546955;272324;4.5;2.2
11;2021-03-07;33105;503;580060;272827;4.7;2.2
11;2021-03-08;14331;5758;594391;278585;4.8;2.3
24;2020-12-28;16;0;16;0;0.0;0.0
24;2020-12-29;9;0;25;0;0.0;0.0
24;2021-01-01;1;0;26;0;0.0;0.0
24;2021-01-04;21;0;47;0;0.0;0.0
24;2021-01-05;163;0;210;0;0.0;0.0
24;2021-01-06;321;0;531;0;0.0;0.0
24;2021-01-07;489;0;1020;0;0.0;0.0
24;2021-01-08;946;0;1966;0;0.1;0.0
24;2021-01-09;502;0;2468;0;0.1;0.0
24;2021-01-10;395;0;2863;0;0.1;0.0
24;2021-01-11;1278;0;4141;0;0.2;0.0
24;2021-01-12;2572;0;6713;0;0.3;0.0
24;2021-01-13;2135;0;8848;0;0.3;0.0
24;2021-01-14;2455;0;11303;0;0.4;0.0
24;2021-01-15;2052;0;13355;0;0.5;0.0
24;2021-01-16;851;56;14206;56;0.6;0.0
24;2021-01-17;312;1;14518;57;0.6;0.0
24;2021-01-18;3206;6;17724;63;0.7;0.0
24;2021-01-19;6268;17;23992;80;0.9;0.0
24;2021-01-20;7107;0;31099;80;1.2;0.0
24;2021-01-21;7349;1;38448;81;1.5;0.0
24;2021-01-22;5079;0;43527;81;1.7;0.0
24;2021-01-23;1269;1;44796;82;1.8;0.0
24;2021-01-24;225;0;45021;82;1.8;0.0
24;2021-01-25;3099;14;48120;96;1.9;0.0
24;2021-01-26;4642;94;52762;190;2.1;0.0
24;2021-01-27;5007;245;57769;435;2.3;0.0
24;2021-01-28;5594;535;63363;970;2.5;0.0
24;2021-01-29;3417;689;66780;1659;2.6;0.1
24;2021-01-30;1207;393;67987;2052;2.7;0.1
24;2021-01-31;251;348;68238;2400;2.7;0.1
24;2021-02-01;2170;973;70408;3373;2.8;0.1
24;2021-02-02;3012;2133;73420;5506;2.9;0.2
24;2021-02-03;3096;1754;76516;7260;3.0;0.3
24;2021-02-04;3225;1687;79741;8947;3.1;0.3
24;2021-02-05;2384;1271;82125;10218;3.2;0.4
24;2021-02-06;704;261;82829;10479;3.2;0.4
24;2021-02-07;133;31;82962;10510;3.2;0.4
24;2021-02-08;1967;1606;84929;12116;3.3;0.5
24;2021-02-09;3351;3716;88280;15832;3.4;0.6
24;2021-02-10;3989;4090;92269;19922;3.6;0.8
24;2021-02-11;4542;5296;96811;25218;3.8;1.0
24;2021-02-12;3429;3175;100240;28393;3.9;1.1
24;2021-02-13;834;690;101074;29083;3.9;1.1
24;2021-02-14;425;121;101499;29204;4.0;1.1
24;2021-02-15;1965;2941;103464;32145;4.0;1.3
24;2021-02-16;2759;4547;106223;36692;4.2;1.4
24;2021-02-17;2666;5133;108889;41825;4.3;1.6
24;2021-02-18;3414;5150;112303;46975;4.4;1.8
24;2021-02-19;3109;3372;115412;50347;4.5;2.0
24;2021-02-20;1283;939;116695;51286;4.6;2.0
24;2021-02-21;424;144;117119;51430;4.6;2.0
24;2021-02-22;1618;2741;118737;54171;4.6;2.1
24;2021-02-23;2324;3015;121061;57186;4.7;2.2
24;2021-02-24;2079;3296;123140;60482;4.8;2.4
24;2021-02-25;3541;3141;126681;63623;5.0;2.5
24;2021-02-26;4383;2581;131064;66204;5.1;2.6
24;2021-02-27;1863;908;132927;67112;5.2;2.6
24;2021-02-28;96;157;133023;67269;5.2;2.6
24;2021-03-01;2129;1926;135152;69195;5.3;2.7
24;2021-03-02;3368;2924;138520;72119;5.4;2.8
24;2021-03-03;3484;3456;142004;75575;5.5;3.0
24;2021-03-04;5109;3678;147113;79253;5.7;3.1
24;2021-03-05;6632;2543;153745;81796;6.0;3.2
24;2021-03-06;7206;603;160951;82399;6.3;3.2
24;2021-03-07;2203;156;163154;82555;6.4;3.2
24;2021-03-08;2610;2298;165764;84853;6.5;3.3
27;2020-12-27;4;0;4;0;0.0;0.0
27;2020-12-29;19;0;23;0;0.0;0.0
27;2020-12-30;20;0;43;0;0.0;0.0
27;2021-01-03;1;0;44;0;0.0;0.0
27;2021-01-04;26;0;70;0;0.0;0.0
27;2021-01-05;261;0;331;0;0.0;0.0
27;2021-01-06;713;0;1044;0;0.0;0.0
27;2021-01-07;1551;0;2595;0;0.1;0.0
27;2021-01-08;1895;0;4490;0;0.2;0.0
27;2021-01-09;687;0;5177;0;0.2;0.0
27;2021-01-10;3;0;5180;0;0.2;0.0
27;2021-01-11;2400;0;7580;0;0.3;0.0
27;2021-01-12;3706;0;11286;0;0.4;0.0
27;2021-01-13;3755;0;15041;0;0.5;0.0
27;2021-01-14;4618;0;19659;0;0.7;0.0
27;2021-01-15;3532;0;23191;0;0.8;0.0
27;2021-01-16;783;40;23974;40;0.9;0.0
27;2021-01-17;116;0;24090;40;0.9;0.0
27;2021-01-18;6201;1;30291;41;1.1;0.0
27;2021-01-19;8312;24;38603;65;1.4;0.0
27;2021-01-20;7861;20;46464;85;1.7;0.0
27;2021-01-21;9287;1;55751;86;2.0;0.0
27;2021-01-22;7624;1;63375;87;2.3;0.0
27;2021-01-23;2973;0;66348;87;2.4;0.0
27;2021-01-24;346;0;66694;87;2.4;0.0
27;2021-01-25;5186;17;71880;104;2.6;0.0
27;2021-01-26;7320;307;79200;411;2.8;0.0
27;2021-01-27;7019;622;86219;1033;3.1;0.0
27;2021-01-28;6150;1189;92369;2222;3.3;0.1
27;2021-01-29;5814;1458;98183;3680;3.5;0.1
27;2021-01-30;2466;351;100649;4031;3.6;0.1
27;2021-01-31;250;3;100899;4034;3.6;0.1
27;2021-02-01;3355;1726;104254;5760;3.7;0.2
27;2021-02-02;4043;2834;108297;8594;3.9;0.3
27;2021-02-03;3617;2952;111914;11546;4.0;0.4
27;2021-02-04;3691;3351;115605;14897;4.2;0.5
27;2021-02-05;3227;2636;118832;17533;4.3;0.6
27;2021-02-06;1600;654;120432;18187;4.3;0.7
27;2021-02-07;5;4;120437;18191;4.3;0.7
27;2021-02-08;2904;2625;123341;20816;4.4;0.7
27;2021-02-09;2968;3706;126309;24522;4.5;0.9
27;2021-02-10;3004;3881;129313;28403;4.6;1.0
27;2021-02-11;3187;5063;132500;33466;4.8;1.2
27;2021-02-12;2700;4030;135200;37496;4.9;1.3
27;2021-02-13;976;1426;136176;38922;4.9;1.4
27;2021-02-14;259;220;136435;39142;4.9;1.4
27;2021-02-15;1218;5222;137653;44364;4.9;1.6
27;2021-02-16;1484;7232;139137;51596;5.0;1.9
27;2021-02-17;1767;6748;140904;58344;5.1;2.1
27;2021-02-18;2066;6187;142970;64531;5.1;2.3
27;2021-02-19;1678;5443;144648;69974;5.2;2.5
27;2021-02-20;688;2053;145336;72027;5.2;2.6
27;2021-02-21;0;149;145336;72176;5.2;2.6
27;2021-02-22;928;4661;146264;76837;5.3;2.8
27;2021-02-23;1156;5088;147420;81925;5.3;2.9
27;2021-02-24;1441;4725;148861;86650;5.3;3.1
27;2021-02-25;2853;4804;151714;91454;5.5;3.3
27;2021-02-26;3585;3901;155299;95355;5.6;3.4
27;2021-02-27;1879;1925;157178;97280;5.6;3.5
27;2021-02-28;106;210;157284;97490;5.7;3.5
27;2021-03-01;3504;3265;160788;100755;5.8;3.6
27;2021-03-02;5158;3996;165946;104751;6.0;3.8
27;2021-03-03;5726;3453;171672;108204;6.2;3.9
27;2021-03-04;7142;3383;178814;111587;6.4;4.0
27;2021-03-05;9268;2774;188082;114361;6.8;4.1
27;2021-03-06;6210;948;194292;115309;7.0;4.1
27;2021-03-07;833;14;195125;115323;7.0;4.1
27;2021-03-08;4401;3184;199526;118507;7.2;4.3
28;2020-12-29;2;0;2;0;0.0;0.0
28;2020-12-31;1;0;3;0;0.0;0.0
28;2021-01-03;1;0;4;0;0.0;0.0
28;2021-01-04;16;0;20;0;0.0;0.0
28;2021-01-05;169;0;189;0;0.0;0.0
28;2021-01-06;1355;0;1544;0;0.0;0.0
28;2021-01-07;2568;0;4112;0;0.1;0.0
28;2021-01-08;3393;0;7505;0;0.2;0.0
28;2021-01-09;1326;0;8831;0;0.3;0.0
28;2021-01-10;703;0;9534;0;0.3;0.0
28;2021-01-11;3150;0;12684;0;0.4;0.0
28;2021-01-12;3895;0;16579;0;0.5;0.0
28;2021-01-13;4259;0;20838;0;0.6;0.0
28;2021-01-14;7928;0;28766;0;0.9;0.0
28;2021-01-15;6151;0;34917;0;1.1;0.0
28;2021-01-16;2082;65;36999;65;1.1;0.0
28;2021-01-17;4060;2;41059;67;1.2;0.0
28;2021-01-18;8676;2;49735;69;1.5;0.0
28;2021-01-19;7066;0;56801;69;1.7;0.0
28;2021-01-20;6482;0;63283;69;1.9;0.0
28;2021-01-21;5968;0;69251;69;2.1;0.0
28;2021-01-22;5436;1;74687;70;2.3;0.0
28;2021-01-23;2015;2;76702;72;2.3;0.0
28;2021-01-24;1443;9;78145;81;2.4;0.0
28;2021-01-25;6214;166;84359;247;2.6;0.0
28;2021-01-26;4567;491;88926;738;2.7;0.0
28;2021-01-27;4008;840;92934;1578;2.8;0.0
28;2021-01-28;3736;1021;96670;2599;2.9;0.1
28;2021-01-29;3482;1348;100152;3947;3.0;0.1
28;2021-01-30;1386;511;101538;4458;3.1;0.1
28;2021-01-31;195;123;101733;4581;3.1;0.1
28;2021-02-01;2775;1739;104508;6320;3.2;0.2
28;2021-02-02;2966;2557;107474;8877;3.3;0.3
28;2021-02-03;2937;3112;110411;11989;3.3;0.4
28;2021-02-04;3688;6215;114099;18204;3.5;0.6
28;2021-02-05;3856;4305;117955;22509;3.6;0.7
28;2021-02-06;1125;1475;119080;23984;3.6;0.7
28;2021-02-07;713;2603;119793;26587;3.6;0.8
28;2021-02-08;3781;7690;123574;34277;3.7;1.0
28;2021-02-09;3423;5689;126997;39966;3.8;1.2
28;2021-02-10;3386;4658;130383;44624;3.9;1.4
28;2021-02-11;4062;4774;134445;49398;4.1;1.5
28;2021-02-12;3937;4235;138382;53633;4.2;1.6
28;2021-02-13;1107;1585;139489;55218;4.2;1.7
28;2021-02-14;281;1307;139770;56525;4.2;1.7
28;2021-02-15;2156;6185;141926;62710;4.3;1.9
28;2021-02-16;2594;5145;144520;67855;4.4;2.1
28;2021-02-17;1910;4397;146430;72252;4.4;2.2
28;2021-02-18;2479;4008;148909;76260;4.5;2.3
28;2021-02-19;2455;3467;151364;79727;4.6;2.4
28;2021-02-20;907;1244;152271;80971;4.6;2.5
28;2021-02-21;100;299;152371;81270;4.6;2.5
28;2021-02-22;1647;3957;154018;85227;4.7;2.6
28;2021-02-23;2133;3661;156151;88888;4.7;2.7
28;2021-02-24;2327;3735;158478;92623;4.8;2.8
28;2021-02-25;4672;4182;163150;96805;4.9;2.9
28;2021-02-26;5704;3640;168854;100445;5.1;3.0
28;2021-02-27;2965;1058;171819;101503;5.2;3.1
28;2021-02-28;340;358;172159;101861;5.2;3.1
28;2021-03-01;2464;4763;174623;106624;5.3;3.2
28;2021-03-02;3806;3889;178429;110513;5.4;3.3
28;2021-03-03;4612;3073;183041;113586;5.5;3.4
28;2021-03-04;6953;2559;189994;116145;5.8;3.5
28;2021-03-05;9728;2201;199722;118346;6.0;3.6
28;2021-03-06;9560;667;209282;119013;6.3;3.6
28;2021-03-07;3743;110;213025;119123;6.4;3.6
28;2021-03-08;5607;3016;218632;122139;6.6;3.7
32;2020-12-28;26;0;26;0;0.0;0.0
32;2020-12-29;12;0;38;0;0.0;0.0
32;2021-01-01;1;0;39;0;0.0;0.0
32;2021-01-03;2;0;41;0;0.0;0.0
32;2021-01-04;81;0;122;0;0.0;0.0
32;2021-01-05;297;0;419;0;0.0;0.0
32;2021-01-06;785;0;1204;0;0.0;0.0
32;2021-01-07;2415;0;3619;0;0.1;0.0
32;2021-01-08;3109;0;6728;0;0.1;0.0
32;2021-01-09;955;0;7683;0;0.1;0.0
32;2021-01-10;633;0;8316;0;0.1;0.0
32;2021-01-11;3135;0;11451;0;0.2;0.0
32;2021-01-12;4737;0;16188;0;0.3;0.0
32;2021-01-13;4798;0;20986;0;0.4;0.0
32;2021-01-14;5535;0;26521;0;0.4;0.0
32;2021-01-15;5034;0;31555;0;0.5;0.0
32;2021-01-16;1631;39;33186;39;0.6;0.0
32;2021-01-17;855;0;34041;39;0.6;0.0
32;2021-01-18;7080;1;41121;40;0.7;0.0
32;2021-01-19;9770;31;50891;71;0.9;0.0
32;2021-01-20;10161;7;61052;78;1.0;0.0
32;2021-01-21;12395;6;73447;84;1.2;0.0
32;2021-01-22;9672;1;83119;85;1.4;0.0
32;2021-01-23;3354;0;86473;85;1.5;0.0
32;2021-01-24;1119;12;87592;97;1.5;0.0
32;2021-01-25;6741;122;94333;219;1.6;0.0
32;2021-01-26;7263;202;101596;421;1.7;0.0
32;2021-01-27;4789;536;106385;957;1.8;0.0
32;2021-01-28;8435;2133;114820;3090;1.9;0.1
32;2021-01-29;5268;2214;120088;5304;2.0;0.1
32;2021-01-30;506;454;120594;5758;2.0;0.1
32;2021-01-31;66;136;120660;5894;2.0;0.1
32;2021-02-01;189;2264;120849;8158;2.0;0.1
32;2021-02-02;771;3598;121620;11756;2.0;0.2
32;2021-02-03;4035;3210;125655;14966;2.1;0.3
32;2021-02-04;3666;3785;129321;18751;2.2;0.3
32;2021-02-05;1962;3541;131283;22292;2.2;0.4
32;2021-02-06;507;957;131790;23249;2.2;0.4
32;2021-02-07;533;194;132323;23443;2.2;0.4
32;2021-02-08;1850;3541;134173;26984;2.3;0.5
32;2021-02-09;2532;4439;136705;31423;2.3;0.5
32;2021-02-10;2906;5349;139611;36772;2.3;0.6
32;2021-02-11;4588;6657;144199;43429;2.4;0.7
32;2021-02-12;4834;4756;149033;48185;2.5;0.8
32;2021-02-13;921;1859;149954;50044;2.5;0.8
32;2021-02-14;115;1032;150069;51076;2.5;0.9
32;2021-02-15;3399;7163;153468;58239;2.6;1.0
32;2021-02-16;3930;8296;157398;66535;2.6;1.1
32;2021-02-17;4196;8571;161594;75106;2.7;1.3
32;2021-02-18;6661;12122;168255;87228;2.8;1.5
32;2021-02-19;6795;8051;175050;95279;2.9;1.6
32;2021-02-20;2475;2527;177525;97806;3.0;1.6
32;2021-02-21;431;347;177956;98153;3.0;1.6
32;2021-02-22;3161;5012;181117;103165;3.0;1.7
32;2021-02-23;5339;5518;186456;108683;3.1;1.8
32;2021-02-24;7231;6065;193687;114748;3.2;1.9
32;2021-02-25;12553;4334;206240;119082;3.5;2.0
32;2021-02-26;12289;2213;218529;121295;3.7;2.0
32;2021-02-27;6108;149;224637;121444;3.8;2.0
32;2021-02-28;251;28;224888;121472;3.8;2.0
32;2021-03-01;6847;356;231735;121828;3.9;2.0
32;2021-03-02;10485;526;242220;122354;4.1;2.1
32;2021-03-03;11617;796;253837;123150;4.3;2.1
32;2021-03-04;14167;1657;268004;124807;4.5;2.1
32;2021-03-05;16574;1304;284578;126111;4.8;2.1
32;2021-03-06;26899;531;311477;126642;5.2;2.1
32;2021-03-07;19163;103;330640;126745;5.5;2.1
32;2021-03-08;8470;2011;339110;128756;5.7;2.2
44;2020-12-31;11;0;11;0;0.0;0.0
44;2021-01-02;2;0;13;0;0.0;0.0
44;2021-01-03;1;0;14;0;0.0;0.0
44;2021-01-04;239;0;253;0;0.0;0.0
44;2021-01-05;768;0;1021;0;0.0;0.0
44;2021-01-06;1238;0;2259;0;0.0;0.0
44;2021-01-07;2385;0;4644;0;0.1;0.0
44;2021-01-08;3054;0;7698;0;0.1;0.0
44;2021-01-09;923;0;8621;0;0.2;0.0
44;2021-01-10;223;0;8844;0;0.2;0.0
44;2021-01-11;2903;0;11747;0;0.2;0.0
44;2021-01-12;5118;0;16865;0;0.3;0.0
44;2021-01-13;7473;0;24338;0;0.4;0.0
44;2021-01-14;9254;0;33592;0;0.6;0.0
44;2021-01-15;6484;0;40076;0;0.7;0.0
44;2021-01-16;1881;70;41957;70;0.8;0.0
44;2021-01-17;902;0;42859;70;0.8;0.0
44;2021-01-18;8665;1;51524;71;0.9;0.0
44;2021-01-19;10544;1;62068;72;1.1;0.0
44;2021-01-20;10867;4;72935;76;1.3;0.0
44;2021-01-21;11636;7;84571;83;1.5;0.0
44;2021-01-22;9552;4;94123;87;1.7;0.0
44;2021-01-23;3279;15;97402;102;1.8;0.0
44;2021-01-24;1565;6;98967;108;1.8;0.0
44;2021-01-25;6520;292;105487;400;1.9;0.0
44;2021-01-26;5623;447;111110;847;2.0;0.0
44;2021-01-27;7339;653;118449;1500;2.1;0.0
44;2021-01-28;8769;1395;127218;2895;2.3;0.1
44;2021-01-29;6708;1936;133926;4831;2.4;0.1
44;2021-01-30;2536;633;136462;5464;2.5;0.1
44;2021-01-31;1242;138;137704;5602;2.5;0.1
44;2021-02-01;6296;2339;144000;7941;2.6;0.1
44;2021-02-02;6053;4328;150053;12269;2.7;0.2
44;2021-02-03;5485;5196;155538;17465;2.8;0.3
44;2021-02-04;6233;7844;161771;25309;2.9;0.5
44;2021-02-05;6240;5043;168011;30352;3.0;0.6
44;2021-02-06;1958;1306;169969;31658;3.1;0.6
44;2021-02-07;406;685;170375;32343;3.1;0.6
44;2021-02-08;3785;4625;174160;36968;3.2;0.7
44;2021-02-09;5570;5901;179730;42869;3.3;0.8
44;2021-02-10;6086;6129;185816;48998;3.4;0.9
44;2021-02-11;6910;6933;192726;55931;3.5;1.0
44;2021-02-12;7138;5152;199864;61083;3.6;1.1
44;2021-02-13;2503;1178;202367;62261;3.7;1.1
44;2021-02-14;1603;1083;203970;63344;3.7;1.1
44;2021-02-15;3836;6664;207806;70008;3.8;1.3
44;2021-02-16;4442;7336;212248;77344;3.9;1.4
44;2021-02-17;4555;8036;216803;85380;3.9;1.5
44;2021-02-18;5753;9281;222556;94661;4.0;1.7
44;2021-02-19;5212;7042;227768;101703;4.1;1.8
44;2021-02-20;2316;2884;230084;104587;4.2;1.9
44;2021-02-21;528;1369;230612;105956;4.2;1.9
44;2021-02-22;4221;7097;234833;113053;4.3;2.1
44;2021-02-23;5609;6689;240442;119742;4.4;2.2
44;2021-02-24;6291;5862;246733;125604;4.5;2.3
44;2021-02-25;10052;6788;256785;132392;4.7;2.4
44;2021-02-26;11979;5620;268764;138012;4.9;2.5
44;2021-02-27;7756;2121;276520;140133;5.0;2.5
44;2021-02-28;2084;439;278604;140572;5.1;2.6
44;2021-03-01;5812;4397;284416;144969;5.2;2.6
44;2021-03-02;9047;5181;293463;150150;5.3;2.7
44;2021-03-03;10901;5287;304364;155437;5.5;2.8
44;2021-03-04;12641;5471;317005;160908;5.8;2.9
44;2021-03-05;17095;4821;334100;165729;6.1;3.0
44;2021-03-06;19196;1675;353296;167404;6.4;3.0
44;2021-03-07;9607;505;362903;167909;6.6;3.0
44;2021-03-08;8471;3769;371374;171678;6.7;3.1
52;2021-01-01;1;0;1;0;0.0;0.0
52;2021-01-02;1;0;2;0;0.0;0.0
52;2021-01-03;1;0;3;0;0.0;0.0
52;2021-01-04;34;0;37;0;0.0;0.0
52;2021-01-05;167;0;204;0;0.0;0.0
52;2021-01-06;361;0;565;0;0.0;0.0
52;2021-01-07;862;0;1427;0;0.0;0.0
52;2021-01-08;1626;0;3053;0;0.1;0.0
52;2021-01-09;1048;0;4101;0;0.1;0.0
52;2021-01-10;643;0;4744;0;0.1;0.0
52;2021-01-11;2190;0;6934;0;0.2;0.0
52;2021-01-12;3082;0;10016;0;0.3;0.0
52;2021-01-13;2908;0;12924;0;0.3;0.0
52;2021-01-14;3236;0;16160;0;0.4;0.0
52;2021-01-15;2981;0;19141;0;0.5;0.0
52;2021-01-16;890;22;20031;22;0.5;0.0
52;2021-01-17;498;0;20529;22;0.5;0.0
52;2021-01-18;3196;1;23725;23;0.6;0.0
52;2021-01-19;6507;1;30232;24;0.8;0.0
52;2021-01-20;8220;0;38452;24;1.0;0.0
52;2021-01-21;11983;0;50435;24;1.3;0.0
52;2021-01-22;7170;19;57605;43;1.5;0.0
52;2021-01-23;1676;2;59281;45;1.6;0.0
52;2021-01-24;174;0;59455;45;1.6;0.0
52;2021-01-25;2988;10;62443;55;1.6;0.0
52;2021-01-26;6696;187;69139;242;1.8;0.0
52;2021-01-27;7225;160;76364;402;2.0;0.0
52;2021-01-28;9647;537;86011;939;2.3;0.0
52;2021-01-29;5919;985;91930;1924;2.4;0.1
52;2021-01-30;1257;371;93187;2295;2.5;0.1
52;2021-01-31;79;313;93266;2608;2.5;0.1
52;2021-02-01;2505;1348;95771;3956;2.5;0.1
52;2021-02-02;2964;2240;98735;6196;2.6;0.2
52;2021-02-03;2684;2100;101419;8296;2.7;0.2
52;2021-02-04;2955;2211;104374;10507;2.7;0.3
52;2021-02-05;2953;2253;107327;12760;2.8;0.3
52;2021-02-06;1070;682;108397;13442;2.9;0.4
52;2021-02-07;150;290;108547;13732;2.9;0.4
52;2021-02-08;1919;2174;110466;15906;2.9;0.4
52;2021-02-09;3120;4070;113586;19976;3.0;0.5
52;2021-02-10;3281;5438;116867;25414;3.1;0.7
52;2021-02-11;5886;10475;122753;35889;3.2;0.9
52;2021-02-12;4587;4865;127340;40754;3.3;1.1
52;2021-02-13;1138;1127;128478;41881;3.4;1.1
52;2021-02-14;20;304;128498;42185;3.4;1.1
52;2021-02-15;1954;3126;130452;45311;3.4;1.2
52;2021-02-16;4025;6616;134477;51927;3.5;1.4
52;2021-02-17;3745;7039;138222;58966;3.6;1.6
52;2021-02-18;6013;9529;144235;68495;3.8;1.8
52;2021-02-19;5158;5667;149393;74162;3.9;2.0
52;2021-02-20;951;1219;150344;75381;4.0;2.0
52;2021-02-21;6;68;150350;75449;4.0;2.0
52;2021-02-22;2551;2951;152901;78400;4.0;2.1
52;2021-02-23;3297;3312;156198;81712;4.1;2.1
52;2021-02-24;3171;2724;159369;84436;4.2;2.2
52;2021-02-25;6213;2953;165582;87389;4.4;2.3
52;2021-02-26;6099;2723;171681;90112;4.5;2.4
52;2021-02-27;2188;999;173869;91111;4.6;2.4
52;2021-02-28;72;42;173941;91153;4.6;2.4
52;2021-03-01;3008;2259;176949;93412;4.7;2.5
52;2021-03-02;4602;3247;181551;96659;4.8;2.5
52;2021-03-03;5173;3187;186724;99846;4.9;2.6
52;2021-03-04;7485;4739;194209;104585;5.1;2.8
52;2021-03-05;8693;3636;202902;108221;5.3;2.8
52;2021-03-06;5506;964;208408;109185;5.5;2.9
52;2021-03-07;2638;2;211046;109187;5.6;2.9
52;2021-03-08;5557;2079;216603;111266;5.7;2.9
53;2021-01-01;2;0;2;0;0.0;0.0
53;2021-01-02;3;0;5;0;0.0;0.0
53;2021-01-04;43;0;48;0;0.0;0.0
53;2021-01-05;200;0;248;0;0.0;0.0
53;2021-01-06;327;0;575;0;0.0;0.0
53;2021-01-07;834;0;1409;0;0.0;0.0
53;2021-01-08;1208;0;2617;0;0.1;0.0
53;2021-01-09;33;0;2650;0;0.1;0.0
53;2021-01-10;3;0;2653;0;0.1;0.0
53;2021-01-11;1658;0;4311;0;0.1;0.0
53;2021-01-12;3266;0;7577;0;0.2;0.0
53;2021-01-13;3246;0;10823;0;0.3;0.0
53;2021-01-14;3722;0;14545;0;0.4;0.0
53;2021-01-15;3252;0;17797;0;0.5;0.0
53;2021-01-16;682;29;18479;29;0.6;0.0
53;2021-01-17;180;1;18659;30;0.6;0.0
53;2021-01-18;3303;0;21962;30;0.7;0.0
53;2021-01-19;8091;0;30053;30;0.9;0.0
53;2021-01-20;6899;0;36952;30;1.1;0.0
53;2021-01-21;11183;1;48135;31;1.4;0.0
53;2021-01-22;7597;0;55732;31;1.7;0.0
53;2021-01-23;1490;0;57222;31;1.7;0.0
53;2021-01-24;253;0;57475;31;1.7;0.0
53;2021-01-25;3051;56;60526;87;1.8;0.0
53;2021-01-26;4080;265;64606;352;1.9;0.0
53;2021-01-27;7171;317;71777;669;2.1;0.0
53;2021-01-28;6890;632;78667;1301;2.4;0.0
53;2021-01-29;4189;722;82856;2023;2.5;0.1
53;2021-01-30;844;36;83700;2059;2.5;0.1
53;2021-01-31;78;3;83778;2062;2.5;0.1
53;2021-02-01;2205;1141;85983;3203;2.6;0.1
53;2021-02-02;3419;2361;89402;5564;2.7;0.2
53;2021-02-03;3159;2219;92561;7783;2.8;0.2
53;2021-02-04;6910;2352;99471;10135;3.0;0.3
53;2021-02-05;5391;2095;104862;12230;3.1;0.4
53;2021-02-06;1190;275;106052;12505;3.2;0.4
53;2021-02-07;213;120;106265;12625;3.2;0.4
53;2021-02-08;1635;1549;107900;14174;3.2;0.4
53;2021-02-09;3877;6035;111777;20209;3.3;0.6
53;2021-02-10;3747;5395;115524;25604;3.5;0.8
53;2021-02-11;5542;9462;121066;35066;3.6;1.0
53;2021-02-12;5538;5173;126604;40239;3.8;1.2
53;2021-02-13;1218;548;127822;40787;3.8;1.2
53;2021-02-14;25;120;127847;40907;3.8;1.2
53;2021-02-15;2278;2992;130125;43899;3.9;1.3
53;2021-02-16;3928;3049;134053;46948;4.0;1.4
53;2021-02-17;3965;5555;138018;52503;4.1;1.6
53;2021-02-18;5725;6004;143743;58507;4.3;1.8
53;2021-02-19;5050;4413;148793;62920;4.5;1.9
53;2021-02-20;1176;812;149969;63732;4.5;1.9
53;2021-02-21;162;100;150131;63832;4.5;1.9
53;2021-02-22;2308;2610;152439;66442;4.6;2.0
53;2021-02-23;3877;3444;156316;69886;4.7;2.1
53;2021-02-24;4310;3627;160626;73513;4.8;2.2
53;2021-02-25;7647;7165;168273;80678;5.0;2.4
53;2021-02-26;8533;4232;176806;84910;5.3;2.5
53;2021-02-27;3400;1096;180206;86006;5.4;2.6
53;2021-02-28;227;175;180433;86181;5.4;2.6
53;2021-03-01;3382;2088;183815;88269;5.5;2.6
53;2021-03-02;5539;4489;189354;92758;5.7;2.8
53;2021-03-03;6308;3489;195662;96247;5.9;2.9
53;2021-03-04;8909;4982;204571;101229;6.1;3.0
53;2021-03-05;11542;5018;216113;106247;6.5;3.2
53;2021-03-06;5475;810;221588;107057;6.6;3.2
53;2021-03-07;906;79;222494;107136;6.7;3.2
53;2021-03-08;4980;1741;227474;108877;6.8;3.3
75;2020-12-28;1;0;1;0;0.0;0.0
75;2020-12-29;2;0;3;0;0.0;0.0
75;2020-12-30;1;0;4;0;0.0;0.0
75;2021-01-02;1;0;5;0;0.0;0.0
75;2021-01-04;89;0;94;0;0.0;0.0
75;2021-01-05;124;0;218;0;0.0;0.0
75;2021-01-06;735;0;953;0;0.0;0.0
75;2021-01-07;4896;0;5849;0;0.1;0.0
75;2021-01-08;5289;0;11138;0;0.2;0.0
75;2021-01-09;836;0;11974;0;0.2;0.0
75;2021-01-10;478;0;12452;0;0.2;0.0
75;2021-01-11;3551;0;16003;0;0.3;0.0
75;2021-01-12;5923;0;21926;0;0.4;0.0
75;2021-01-13;6514;0;28440;0;0.5;0.0
75;2021-01-14;7997;0;36437;0;0.6;0.0
75;2021-01-15;7473;0;43910;0;0.7;0.0
75;2021-01-16;1512;60;45422;60;0.8;0.0
75;2021-01-17;420;1;45842;61;0.8;0.0
75;2021-01-18;6857;1;52699;62;0.9;0.0
75;2021-01-19;13992;0;66691;62;1.1;0.0
75;2021-01-20;15383;0;82074;62;1.4;0.0
75;2021-01-21;16772;2;98846;64;1.6;0.0
75;2021-01-22;12870;4;111716;68;1.9;0.0
75;2021-01-23;4413;1;116129;69;1.9;0.0
75;2021-01-24;697;1;116826;70;1.9;0.0
75;2021-01-25;8848;224;125674;294;2.1;0.0
75;2021-01-26;11528;588;137202;882;2.3;0.0
75;2021-01-27;12162;853;149364;1735;2.5;0.0
75;2021-01-28;12854;3073;162218;4808;2.7;0.1
75;2021-01-29;9965;2961;172183;7769;2.9;0.1
75;2021-01-30;3374;479;175557;8248;2.9;0.1
75;2021-01-31;644;396;176201;8644;2.9;0.1
75;2021-02-01;5745;2811;181946;11455;3.0;0.2
75;2021-02-02;9508;4848;191454;16303;3.2;0.3
75;2021-02-03;9562;4384;201016;20687;3.4;0.3
75;2021-02-04;10647;6101;211663;26788;3.5;0.4
75;2021-02-05;7449;5404;219112;32192;3.7;0.5
75;2021-02-06;2362;878;221474;33070;3.7;0.6
75;2021-02-07;670;222;222144;33292;3.7;0.6
75;2021-02-08;5092;3861;227236;37153;3.8;0.6
75;2021-02-09;7207;9326;234443;46479;3.9;0.8
75;2021-02-10;7499;9346;241942;55825;4.0;0.9
75;2021-02-11;8668;11659;250610;67484;4.2;1.1
75;2021-02-12;7308;8146;257918;75630;4.3;1.3
75;2021-02-13;1884;1664;259802;77294;4.3;1.3
75;2021-02-14;272;308;260074;77602;4.3;1.3
75;2021-02-15;3197;7180;263271;84782;4.4;1.4
75;2021-02-16;4555;10223;267826;95005;4.5;1.6
75;2021-02-17;4534;11265;272360;106270;4.5;1.8
75;2021-02-18;5151;12962;277511;119232;4.6;2.0
75;2021-02-19;5264;9156;282775;128388;4.7;2.1
75;2021-02-20;975;2599;283750;130987;4.7;2.2
75;2021-02-21;180;558;283930;131545;4.7;2.2
75;2021-02-22;3530;7680;287460;139225;4.8;2.3
75;2021-02-23;5110;10588;292570;149813;4.9;2.5
75;2021-02-24;5871;10196;298441;160009;5.0;2.7
75;2021-02-25;9570;11405;308011;171414;5.1;2.9
75;2021-02-26;11684;8051;319695;179465;5.3;3.0
75;2021-02-27;5685;2393;325380;181858;5.4;3.0
75;2021-02-28;306;567;325686;182425;5.4;3.0
75;2021-03-01;4855;6496;330541;188921;5.5;3.1
75;2021-03-02;9016;7810;339557;196731;5.7;3.3
75;2021-03-03;10498;7538;350055;204269;5.8;3.4
75;2021-03-04;15908;8010;365963;212279;6.1;3.5
75;2021-03-05;20096;6629;386059;218908;6.4;3.6
75;2021-03-06;13045;1930;399104;220838;6.7;3.7
75;2021-03-07;3588;258;402692;221096;6.7;3.7
75;2021-03-08;9571;5043;412263;226139;6.9;3.8
76;2020-12-31;1;0;1;0;0.0;0.0
76;2021-01-01;3;0;4;0;0.0;0.0
76;2021-01-02;2;0;6;0;0.0;0.0
76;2021-01-03;1;0;7;0;0.0;0.0
76;2021-01-04;58;0;65;0;0.0;0.0
76;2021-01-05;471;0;536;0;0.0;0.0
76;2021-01-06;777;0;1313;0;0.0;0.0
76;2021-01-07;2524;0;3837;0;0.1;0.0
76;2021-01-08;3164;0;7001;0;0.1;0.0
76;2021-01-09;1523;0;8524;0;0.1;0.0
76;2021-01-10;515;0;9039;0;0.2;0.0
76;2021-01-11;3444;0;12483;0;0.2;0.0
76;2021-01-12;5537;0;18020;0;0.3;0.0
76;2021-01-13;6275;0;24295;0;0.4;0.0
76;2021-01-14;8775;0;33070;0;0.6;0.0
76;2021-01-15;7066;0;40136;0;0.7;0.0
76;2021-01-16;1944;78;42080;78;0.7;0.0
76;2021-01-17;702;0;42782;78;0.7;0.0
76;2021-01-18;7559;2;50341;80;0.8;0.0
76;2021-01-19;11076;1;61417;81;1.0;0.0
76;2021-01-20;13476;1;74893;82;1.3;0.0
76;2021-01-21;16375;0;91268;82;1.5;0.0
76;2021-01-22;11600;5;102868;87;1.7;0.0
76;2021-01-23;3869;4;106737;91;1.8;0.0
76;2021-01-24;725;9;107462;100;1.8;0.0
76;2021-01-25;7746;76;115208;176;1.9;0.0
76;2021-01-26;10228;279;125436;455;2.1;0.0
76;2021-01-27;10630;548;136066;1003;2.3;0.0
76;2021-01-28;9979;1975;146045;2978;2.5;0.1
76;2021-01-29;7915;2237;153960;5215;2.6;0.1
76;2021-01-30;3175;705;157135;5920;2.7;0.1
76;2021-01-31;513;251;157648;6171;2.7;0.1
76;2021-02-01;5737;2627;163385;8798;2.8;0.1
76;2021-02-02;9827;4260;173212;13058;2.9;0.2
76;2021-02-03;9401;4384;182613;17442;3.1;0.3
76;2021-02-04;9933;6371;192546;23813;3.2;0.4
76;2021-02-05;7660;4993;200206;28806;3.4;0.5
76;2021-02-06;2657;948;202863;29754;3.4;0.5
76;2021-02-07;526;364;203389;30118;3.4;0.5
76;2021-02-08;4740;4267;208129;34385;3.5;0.6
76;2021-02-09;6127;7178;214256;41563;3.6;0.7
76;2021-02-10;6968;9726;221224;51289;3.7;0.9
76;2021-02-11;8695;11739;229919;63028;3.9;1.1
76;2021-02-12;7767;7541;237686;70569;4.0;1.2
76;2021-02-13;2585;2166;240271;72735;4.1;1.2
76;2021-02-14;344;771;240615;73506;4.1;1.2
76;2021-02-15;3258;5959;243873;79465;4.1;1.3
76;2021-02-16;4093;8532;247966;87997;4.2;1.5
76;2021-02-17;4219;9659;252185;97656;4.3;1.6
76;2021-02-18;5630;9603;257815;107259;4.4;1.8
76;2021-02-19;4731;7866;262546;115125;4.4;1.9
76;2021-02-20;1516;2869;264062;117994;4.5;2.0
76;2021-02-21;257;528;264319;118522;4.5;2.0
76;2021-02-22;3214;7262;267533;125784;4.5;2.1
76;2021-02-23;4761;10497;272294;136281;4.6;2.3
76;2021-02-24;4420;10384;276714;146665;4.7;2.5
76;2021-02-25;7987;9696;284701;156361;4.8;2.6
76;2021-02-26;9301;7919;294002;164280;5.0;2.8
76;2021-02-27;3583;2926;297585;167206;5.0;2.8
76;2021-02-28;420;332;298005;167538;5.0;2.8
76;2021-03-01;5084;5931;303089;173469;5.1;2.9
76;2021-03-02;7962;7097;311051;180566;5.2;3.0
76;2021-03-03;8935;7053;319986;187619;5.4;3.2
76;2021-03-04;13516;7747;333502;195366;5.6;3.3
76;2021-03-05;16313;6430;349815;201796;5.9;3.4
76;2021-03-06;15488;1922;365303;203718;6.2;3.4
76;2021-03-07;11090;218;376393;203936;6.4;3.4
76;2021-03-08;9551;5113;385944;209049;6.5;3.5
84;2020-12-28;6;0;6;0;0.0;0.0
84;2020-12-29;5;0;11;0;0.0;0.0
84;2020-12-30;5;0;16;0;0.0;0.0
84;2020-12-31;12;0;28;0;0.0;0.0
84;2021-01-01;7;0;35;0;0.0;0.0
84;2021-01-02;1;0;36;0;0.0;0.0
84;2021-01-04;173;0;209;0;0.0;0.0
84;2021-01-05;451;0;660;0;0.0;0.0
84;2021-01-06;1125;0;1785;0;0.0;0.0
84;2021-01-07;2760;0;4545;0;0.1;0.0
84;2021-01-08;3022;0;7567;0;0.1;0.0
84;2021-01-09;504;0;8071;0;0.1;0.0
84;2021-01-10;159;0;8230;0;0.1;0.0
84;2021-01-11;4136;0;12366;0;0.2;0.0
84;2021-01-12;6172;0;18538;0;0.2;0.0
84;2021-01-13;6716;0;25254;0;0.3;0.0
84;2021-01-14;8734;0;33988;0;0.4;0.0
84;2021-01-15;7557;0;41545;0;0.5;0.0
84;2021-01-16;2934;40;44479;40;0.6;0.0
84;2021-01-17;915;1;45394;41;0.6;0.0
84;2021-01-18;8794;7;54188;48;0.7;0.0
84;2021-01-19;14743;7;68931;55;0.9;0.0
84;2021-01-20;15243;6;84174;61;1.0;0.0
84;2021-01-21;14290;7;98464;68;1.2;0.0
84;2021-01-22;12239;5;110703;73;1.4;0.0
84;2021-01-23;4735;0;115438;73;1.4;0.0
84;2021-01-24;808;0;116246;73;1.4;0.0
84;2021-01-25;8715;152;124961;225;1.6;0.0
84;2021-01-26;11768;357;136729;582;1.7;0.0
84;2021-01-27;11894;683;148623;1265;1.9;0.0
84;2021-01-28;13381;1821;162004;3086;2.0;0.0
84;2021-01-29;10655;1463;172659;4549;2.1;0.1
84;2021-01-30;4125;300;176784;4849;2.2;0.1
84;2021-01-31;498;1;177282;4850;2.2;0.1
84;2021-02-01;6484;2029;183766;6879;2.3;0.1
84;2021-02-02;10435;3766;194201;10645;2.4;0.1
84;2021-02-03;11252;4191;205453;14836;2.6;0.2
84;2021-02-04;12152;5958;217605;20794;2.7;0.3
84;2021-02-05;8384;4831;225989;25625;2.8;0.3
84;2021-02-06;2616;1042;228605;26667;2.8;0.3
84;2021-02-07;450;429;229055;27096;2.9;0.3
84;2021-02-08;6115;4807;235170;31903;2.9;0.4
84;2021-02-09;9085;9112;244255;41015;3.0;0.5
84;2021-02-10;9313;9393;253568;50408;3.2;0.6
84;2021-02-11;10310;10339;263878;60747;3.3;0.8
84;2021-02-12;9374;8000;273252;68747;3.4;0.9
84;2021-02-13;3448;2225;276700;70972;3.4;0.9
84;2021-02-14;601;363;277301;71335;3.5;0.9
84;2021-02-15;4685;8384;281986;79719;3.5;1.0
84;2021-02-16;5852;10467;287838;90186;3.6;1.1
84;2021-02-17;5721;11306;293559;101492;3.7;1.3
84;2021-02-18;6584;11864;300143;113356;3.7;1.4
84;2021-02-19;6339;8830;306482;122186;3.8;1.5
84;2021-02-20;1678;3286;308160;125472;3.8;1.6
84;2021-02-21;175;457;308335;125929;3.8;1.6
84;2021-02-22;4092;8694;312427;134623;3.9;1.7
84;2021-02-23;6774;11705;319201;146328;4.0;1.8
84;2021-02-24;6937;12022;326138;158350;4.1;2.0
84;2021-02-25;11698;13374;337836;171724;4.2;2.1
84;2021-02-26;13825;8841;351661;180565;4.4;2.2
84;2021-02-27;5345;2843;357006;183408;4.4;2.3
84;2021-02-28;447;254;357453;183662;4.5;2.3
84;2021-03-01;8544;6019;365997;189681;4.6;2.4
84;2021-03-02;14041;7737;380038;197418;4.7;2.5
84;2021-03-03;14086;7288;394124;204706;4.9;2.5
84;2021-03-04;19365;7258;413489;211964;5.1;2.6
84;2021-03-05;24023;6026;437512;217990;5.4;2.7
84;2021-03-06;17822;1934;455334;219924;5.7;2.7
84;2021-03-07;6731;119;462065;220043;5.8;2.7
84;2021-03-08;11077;5454;473142;225497;5.9;2.8
93;2020-12-30;3;0;3;0;0.0;0.0
93;2020-12-31;19;0;22;0;0.0;0.0
93;2021-01-01;9;0;31;0;0.0;0.0
93;2021-01-02;2;0;33;0;0.0;0.0
93;2021-01-03;1;0;34;0;0.0;0.0
93;2021-01-04;129;0;163;0;0.0;0.0
93;2021-01-05;239;0;402;0;0.0;0.0
93;2021-01-06;403;0;805;0;0.0;0.0
93;2021-01-07;1234;0;2039;0;0.0;0.0
93;2021-01-08;1557;0;3596;0;0.1;0.0
93;2021-01-09;536;0;4132;0;0.1;0.0
93;2021-01-10;72;0;4204;0;0.1;0.0
93;2021-01-11;2326;0;6530;0;0.1;0.0
93;2021-01-12;4960;0;11490;0;0.2;0.0
93;2021-01-13;4312;0;15802;0;0.3;0.0
93;2021-01-14;5265;0;21067;0;0.4;0.0
93;2021-01-15;4783;0;25850;0;0.5;0.0
93;2021-01-16;1659;37;27509;37;0.5;0.0
93;2021-01-17;297;1;27806;38;0.5;0.0
93;2021-01-18;6847;4;34653;42;0.7;0.0
93;2021-01-19;13127;1;47780;43;0.9;0.0
93;2021-01-20;11821;3;59601;46;1.2;0.0
93;2021-01-21;11966;11;71567;57;1.4;0.0
93;2021-01-22;9773;1;81340;58;1.6;0.0
93;2021-01-23;3229;0;84569;58;1.7;0.0
93;2021-01-24;513;0;85082;58;1.7;0.0
93;2021-01-25;7107;64;92189;122;1.8;0.0
93;2021-01-26;9496;143;101685;265;2.0;0.0
93;2021-01-27;8982;343;110667;608;2.2;0.0
93;2021-01-28;13276;942;123943;1550;2.5;0.0
93;2021-01-29;9520;1074;133463;2624;2.6;0.1
93;2021-01-30;2205;116;135668;2740;2.7;0.1
93;2021-01-31;297;0;135965;2740;2.7;0.1
93;2021-02-01;5018;1641;140983;4381;2.8;0.1
93;2021-02-02;5859;2361;146842;6742;2.9;0.1
93;2021-02-03;4965;2039;151807;8781;3.0;0.2
93;2021-02-04;5267;3905;157074;12686;3.1;0.3
93;2021-02-05;5888;4805;162962;17491;3.2;0.3
93;2021-02-06;1219;1098;164181;18589;3.2;0.4
93;2021-02-07;276;16;164457;18605;3.3;0.4
93;2021-02-08;4260;3991;168717;22596;3.3;0.4
93;2021-02-09;5757;8060;174474;30656;3.5;0.6
93;2021-02-10;5637;6610;180111;37266;3.6;0.7
93;2021-02-11;6394;7047;186505;44313;3.7;0.9
93;2021-02-12;5467;6438;191972;50751;3.8;1.0
93;2021-02-13;1069;1638;193041;52389;3.8;1.0
93;2021-02-14;68;241;193109;52630;3.8;1.0
93;2021-02-15;2265;5722;195374;58352;3.9;1.2
93;2021-02-16;2972;7747;198346;66099;3.9;1.3
93;2021-02-17;3463;9095;201809;75194;4.0;1.5
93;2021-02-18;5412;12410;207221;87604;4.1;1.7
93;2021-02-19;5185;8301;212406;95905;4.2;1.9
93;2021-02-20;754;1772;213160;97677;4.2;1.9
93;2021-02-21;69;321;213229;97998;4.2;1.9
93;2021-02-22;2669;6076;215898;104074;4.3;2.1
93;2021-02-23;3303;6132;219201;110206;4.3;2.2
93;2021-02-24;3951;6220;223152;116426;4.4;2.3
93;2021-02-25;7242;5964;230394;122390;4.6;2.4
93;2021-02-26;7464;5352;237858;127742;4.7;2.5
93;2021-02-27;2763;1243;240621;128985;4.8;2.6
93;2021-02-28;298;207;240919;129192;4.8;2.6
93;2021-03-01;4674;4233;245593;133425;4.9;2.6
93;2021-03-02;6412;5452;252005;138877;5.0;2.7
93;2021-03-03;7960;5991;259965;144868;5.1;2.9
93;2021-03-04;10168;6396;270133;151264;5.3;3.0
93;2021-03-05;10930;5239;281063;156503;5.6;3.1
93;2021-03-06;17210;983;298273;157486;5.9;3.1
93;2021-03-07;12277;120;310550;157606;6.1;3.1
93;2021-03-08;7987;3808;318537;161414;6.3;3.2
94;2021-01-04;2;0;2;0;0.0;0.0
94;2021-01-06;53;0;55;0;0.0;0.0
94;2021-01-07;330;0;385;0;0.1;0.0
94;2021-01-08;309;0;694;0;0.2;0.0
94;2021-01-09;76;0;770;0;0.2;0.0
94;2021-01-10;34;0;804;0;0.2;0.0
94;2021-01-11;151;0;955;0;0.3;0.0
94;2021-01-12;206;0;1161;0;0.3;0.0
94;2021-01-13;203;0;1364;0;0.4;0.0
94;2021-01-14;263;0;1627;0;0.5;0.0
94;2021-01-15;380;0;2007;0;0.6;0.0
94;2021-01-16;197;2;2204;2;0.6;0.0
94;2021-01-17;89;0;2293;2;0.7;0.0
94;2021-01-18;470;0;2763;2;0.8;0.0
94;2021-01-19;980;0;3743;2;1.1;0.0
94;2021-01-20;804;0;4547;2;1.3;0.0
94;2021-01-21;806;0;5353;2;1.6;0.0
94;2021-01-22;704;0;6057;2;1.8;0.0
94;2021-01-23;243;1;6300;3;1.8;0.0
94;2021-01-24;146;0;6446;3;1.9;0.0
94;2021-01-25;422;1;6868;4;2.0;0.0
94;2021-01-26;788;5;7656;9;2.2;0.0
94;2021-01-27;663;56;8319;65;2.4;0.0
94;2021-01-28;702;241;9021;306;2.6;0.1
94;2021-01-29;608;248;9629;554;2.8;0.2
94;2021-01-30;204;75;9833;629;2.9;0.2
94;2021-01-31;149;7;9982;636;2.9;0.2
94;2021-02-01;451;170;10433;806;3.0;0.2
94;2021-02-02;642;167;11075;973;3.2;0.3
94;2021-02-03;780;166;11855;1139;3.4;0.3
94;2021-02-04;712;304;12567;1443;3.6;0.4
94;2021-02-05;656;238;13223;1681;3.8;0.5
94;2021-02-06;206;80;13429;1761;3.9;0.5
94;2021-02-07;126;50;13555;1811;3.9;0.5
94;2021-02-08;321;369;13876;2180;4.0;0.6
94;2021-02-09;708;621;14584;2801;4.2;0.8
94;2021-02-10;638;398;15222;3199;4.4;0.9
94;2021-02-11;671;447;15893;3646;4.6;1.1
94;2021-02-12;640;400;16533;4046;4.8;1.2
94;2021-02-13;284;74;16817;4120;4.9;1.2
94;2021-02-14;193;74;17010;4194;4.9;1.2
94;2021-02-15;376;278;17386;4472;5.0;1.3
94;2021-02-16;632;601;18018;5073;5.2;1.5
94;2021-02-17;583;451;18601;5524;5.4;1.6
94;2021-02-18;544;542;19145;6066;5.6;1.8
94;2021-02-19;290;592;19435;6658;5.6;1.9
94;2021-02-20;275;192;19710;6850;5.7;2.0
94;2021-02-21;55;84;19765;6934;5.7;2.0
94;2021-02-22;211;395;19976;7329;5.8;2.1
94;2021-02-23;350;642;20326;7971;5.9;2.3
94;2021-02-24;294;595;20620;8566;6.0;2.5
94;2021-02-25;347;605;20967;9171;6.1;2.7
94;2021-02-26;413;550;21380;9721;6.2;2.8
94;2021-02-27;367;151;21747;9872;6.3;2.9
94;2021-02-28;68;123;21815;9995;6.3;2.9
94;2021-03-01;346;415;22161;10410;6.4;3.0
94;2021-03-02;543;647;22704;11057;6.6;3.2
94;2021-03-03;518;683;23222;11740;6.7;3.4
94;2021-03-04;938;637;24160;12377;7.0;3.6
94;2021-03-05;1548;608;25708;12985;7.5;3.8
94;2021-03-06;1792;142;27500;13127;8.0;3.8
94;2021-03-07;1347;96;28847;13223;8.4;3.8
94;2021-03-08;1215;315;30062;13538;8.7;3.9
