reg;jour;n_dose1;n_dose2;n_cum_dose1;n_cum_dose2;couv_dose1;couv_dose2
01;2021-01-09;2;0;2;0;0.0;0.0
01;2021-01-12;20;0;22;0;0.0;0.0
01;2021-01-13;17;0;39;0;0.0;0.0
01;2021-01-14;35;0;74;0;0.0;0.0
01;2021-01-15;31;0;105;0;0.0;0.0
01;2021-01-18;50;0;155;0;0.0;0.0
01;2021-01-19;97;0;252;0;0.1;0.0
01;2021-01-20;62;0;314;0;0.1;0.0
01;2021-01-21;75;0;389;0;0.1;0.0
01;2021-01-22;54;0;443;0;0.1;0.0
01;2021-01-25;83;0;526;0;0.1;0.0
01;2021-01-26;99;1;625;1;0.2;0.0
01;2021-01-27;149;0;774;1;0.2;0.0
01;2021-01-28;107;2;881;3;0.2;0.0
01;2021-01-29;90;0;971;3;0.3;0.0
01;2021-01-30;2;0;973;3;0.3;0.0
01;2021-02-01;94;5;1067;8;0.3;0.0
01;2021-02-02;136;24;1203;32;0.3;0.0
01;2021-02-03;133;7;1336;39;0.4;0.0
01;2021-02-04;124;25;1460;64;0.4;0.0
01;2021-02-05;144;28;1604;92;0.4;0.0
01;2021-02-06;1;0;1605;92;0.4;0.0
01;2021-02-08;102;20;1707;112;0.5;0.0
01;2021-02-09;200;37;1907;149;0.5;0.0
01;2021-02-10;109;40;2016;189;0.5;0.1
01;2021-02-11;134;108;2150;297;0.6;0.1
01;2021-02-12;197;37;2347;334;0.6;0.1
01;2021-02-13;0;9;2347;343;0.6;0.1
01;2021-02-14;12;32;2359;375;0.6;0.1
01;2021-02-15;87;31;2446;406;0.6;0.1
01;2021-02-18;126;36;2572;442;0.7;0.1
01;2021-02-19;173;57;2745;499;0.7;0.1
01;2021-02-22;102;47;2847;546;0.8;0.1
01;2021-02-23;154;86;3001;632;0.8;0.2
01;2021-02-24;164;110;3165;742;0.8;0.2
01;2021-02-25;137;75;3302;817;0.9;0.2
01;2021-02-26;91;86;3393;903;0.9;0.2
01;2021-03-01;41;80;3434;983;0.9;0.3
01;2021-03-02;154;115;3588;1098;1.0;0.3
01;2021-03-03;49;101;3637;1199;1.0;0.3
02;2021-01-06;5;0;5;0;0.0;0.0
02;2021-01-07;31;0;36;0;0.0;0.0
02;2021-01-08;79;0;115;0;0.0;0.0
02;2021-01-09;20;0;135;0;0.0;0.0
02;2021-01-11;117;0;252;0;0.1;0.0
02;2021-01-12;78;0;330;0;0.1;0.0
02;2021-01-13;64;0;394;0;0.1;0.0
02;2021-01-14;81;0;475;0;0.1;0.0
02;2021-01-15;130;0;605;0;0.2;0.0
02;2021-01-16;51;1;656;1;0.2;0.0
02;2021-01-18;150;0;806;1;0.2;0.0
02;2021-01-19;140;0;946;1;0.3;0.0
02;2021-01-20;163;0;1109;1;0.3;0.0
02;2021-01-21;181;0;1290;1;0.4;0.0
02;2021-01-22;153;0;1443;1;0.4;0.0
02;2021-01-23;58;0;1501;1;0.4;0.0
02;2021-01-25;156;0;1657;1;0.5;0.0
02;2021-01-26;132;0;1789;1;0.5;0.0
02;2021-01-27;158;6;1947;7;0.5;0.0
02;2021-01-28;142;24;2089;31;0.6;0.0
02;2021-01-29;143;57;2232;88;0.6;0.0
02;2021-01-30;94;16;2326;104;0.6;0.0
02;2021-02-01;114;105;2440;209;0.7;0.1
02;2021-02-02;172;81;2612;290;0.7;0.1
02;2021-02-03;127;69;2739;359;0.8;0.1
02;2021-02-04;156;61;2895;420;0.8;0.1
02;2021-02-05;120;87;3015;507;0.8;0.1
02;2021-02-06;61;25;3076;532;0.9;0.1
02;2021-02-07;1;0;3077;532;0.9;0.1
02;2021-02-08;133;86;3210;618;0.9;0.2
02;2021-02-09;164;70;3374;688;0.9;0.2
02;2021-02-10;136;89;3510;777;1.0;0.2
02;2021-02-11;130;108;3640;885;1.0;0.2
02;2021-02-12;122;121;3762;1006;1.0;0.3
02;2021-02-13;31;38;3793;1044;1.1;0.3
02;2021-02-15;42;63;3835;1107;1.1;0.3
02;2021-02-17;0;1;3835;1108;1.1;0.3
02;2021-02-18;63;129;3898;1237;1.1;0.3
02;2021-02-19;69;126;3967;1363;1.1;0.4
02;2021-02-20;48;68;4015;1431;1.1;0.4
02;2021-02-22;96;134;4111;1565;1.1;0.4
02;2021-02-23;112;209;4223;1774;1.2;0.5
02;2021-02-24;92;169;4315;1943;1.2;0.5
02;2021-02-25;78;149;4393;2092;1.2;0.6
02;2021-02-26;111;164;4504;2256;1.3;0.6
02;2021-02-27;68;51;4572;2307;1.3;0.6
02;2021-03-01;137;137;4709;2444;1.3;0.7
02;2021-03-02;155;114;4864;2558;1.4;0.7
02;2021-03-03;174;101;5038;2659;1.4;0.7
03;2021-01-13;30;0;30;0;0.0;0.0
03;2021-01-14;46;0;76;0;0.0;0.0
03;2021-01-15;34;0;110;0;0.0;0.0
03;2021-01-16;18;0;128;0;0.0;0.0
03;2021-01-18;61;0;189;0;0.1;0.0
03;2021-01-19;142;0;331;0;0.1;0.0
03;2021-01-20;127;0;458;0;0.2;0.0
03;2021-01-21;116;0;574;0;0.2;0.0
03;2021-01-22;75;0;649;0;0.2;0.0
03;2021-01-25;56;0;705;0;0.2;0.0
03;2021-01-26;97;0;802;0;0.3;0.0
03;2021-01-27;109;0;911;0;0.3;0.0
03;2021-01-28;96;2;1007;2;0.3;0.0
03;2021-01-29;103;2;1110;4;0.4;0.0
03;2021-02-01;54;0;1164;4;0.4;0.0
03;2021-02-02;121;4;1285;8;0.4;0.0
03;2021-02-03;113;18;1398;26;0.5;0.0
03;2021-02-04;77;37;1475;63;0.5;0.0
03;2021-02-05;55;7;1530;70;0.5;0.0
03;2021-02-08;48;12;1578;82;0.5;0.0
03;2021-02-09;91;38;1669;120;0.6;0.0
03;2021-02-10;98;75;1767;195;0.6;0.1
03;2021-02-11;81;71;1848;266;0.6;0.1
03;2021-02-12;62;43;1910;309;0.7;0.1
03;2021-02-15;26;63;1936;372;0.7;0.1
03;2021-02-16;118;50;2054;422;0.7;0.1
03;2021-02-17;132;120;2186;542;0.8;0.2
03;2021-02-18;98;140;2284;682;0.8;0.2
03;2021-02-19;115;72;2399;754;0.8;0.3
03;2021-02-22;78;48;2477;802;0.9;0.3
03;2021-02-23;152;93;2629;895;0.9;0.3
03;2021-02-24;182;119;2811;1014;1.0;0.3
03;2021-02-25;243;89;3054;1103;1.1;0.4
03;2021-02-26;250;66;3304;1169;1.1;0.4
03;2021-02-27;112;1;3416;1170;1.2;0.4
03;2021-03-01;173;87;3589;1257;1.2;0.4
03;2021-03-02;240;103;3829;1360;1.3;0.5
03;2021-03-03;249;105;4078;1465;1.4;0.5
04;2021-01-01;1;0;1;0;0.0;0.0
04;2021-01-05;1;0;2;0;0.0;0.0
04;2021-01-09;1;0;3;0;0.0;0.0
04;2021-01-15;301;0;304;0;0.0;0.0
04;2021-01-16;22;0;326;0;0.0;0.0
04;2021-01-18;49;0;375;0;0.0;0.0
04;2021-01-19;393;0;768;0;0.1;0.0
04;2021-01-20;434;0;1202;0;0.1;0.0
04;2021-01-21;600;0;1802;0;0.2;0.0
04;2021-01-22;409;0;2211;0;0.3;0.0
04;2021-01-23;75;0;2286;0;0.3;0.0
04;2021-01-25;271;0;2557;0;0.3;0.0
04;2021-01-26;428;0;2985;0;0.3;0.0
04;2021-01-27;317;0;3302;0;0.4;0.0
04;2021-01-28;402;0;3704;0;0.4;0.0
04;2021-01-29;418;2;4122;2;0.5;0.0
04;2021-01-30;418;0;4540;2;0.5;0.0
04;2021-02-01;368;4;4908;6;0.6;0.0
04;2021-02-02;493;3;5401;9;0.6;0.0
04;2021-02-03;568;13;5969;22;0.7;0.0
04;2021-02-04;550;17;6519;39;0.8;0.0
04;2021-02-05;536;239;7055;278;0.8;0.0
04;2021-02-06;446;3;7501;281;0.9;0.0
04;2021-02-08;461;27;7962;308;0.9;0.0
04;2021-02-09;769;112;8731;420;1.0;0.0
04;2021-02-10;695;91;9426;511;1.1;0.1
04;2021-02-11;730;104;10156;615;1.2;0.1
04;2021-02-12;631;78;10787;693;1.3;0.1
04;2021-02-13;538;19;11325;712;1.3;0.1
04;2021-02-14;1;0;11326;712;1.3;0.1
04;2021-02-15;520;152;11846;864;1.4;0.1
04;2021-02-16;619;443;12465;1307;1.4;0.2
04;2021-02-17;523;346;12988;1653;1.5;0.2
04;2021-02-18;478;436;13466;2089;1.6;0.2
04;2021-02-19;498;283;13964;2372;1.6;0.3
04;2021-02-20;572;105;14536;2477;1.7;0.3
04;2021-02-22;399;231;14935;2708;1.7;0.3
04;2021-02-23;602;236;15537;2944;1.8;0.3
04;2021-02-24;560;247;16097;3191;1.9;0.4
04;2021-02-25;622;288;16719;3479;1.9;0.4
04;2021-02-26;454;434;17173;3913;2.0;0.5
04;2021-02-27;342;401;17515;4314;2.0;0.5
04;2021-03-01;279;386;17794;4700;2.1;0.5
04;2021-03-02;446;493;18240;5193;2.1;0.6
04;2021-03-03;679;536;18919;5729;2.2;0.7
06;2021-01-11;9;0;9;0;0.0;0.0
06;2021-01-23;1;0;10;0;0.0;0.0
06;2021-01-25;133;0;143;0;0.1;0.0
06;2021-01-26;153;1;296;1;0.1;0.0
06;2021-01-27;232;0;528;1;0.2;0.0
06;2021-01-28;80;0;608;1;0.2;0.0
06;2021-01-29;215;1;823;2;0.3;0.0
06;2021-01-30;282;0;1105;2;0.4;0.0
06;2021-02-01;96;1;1201;3;0.4;0.0
06;2021-02-02;327;0;1528;3;0.5;0.0
06;2021-02-03;213;0;1741;3;0.6;0.0
06;2021-02-04;213;0;1954;3;0.7;0.0
06;2021-02-05;208;0;2162;3;0.8;0.0
06;2021-02-06;81;0;2243;3;0.8;0.0
06;2021-02-08;72;2;2315;5;0.8;0.0
06;2021-02-09;154;2;2469;7;0.9;0.0
06;2021-02-10;149;0;2618;7;0.9;0.0
06;2021-02-11;217;0;2835;7;1.0;0.0
06;2021-02-12;263;1;3098;8;1.1;0.0
06;2021-02-13;55;0;3153;8;1.1;0.0
06;2021-02-15;257;1;3410;9;1.2;0.0
06;2021-02-16;246;7;3656;16;1.3;0.0
06;2021-02-17;165;0;3821;16;1.4;0.0
06;2021-02-18;163;3;3984;19;1.4;0.0
06;2021-02-19;223;7;4207;26;1.5;0.0
06;2021-02-20;134;4;4341;30;1.6;0.0
06;2021-02-22;107;153;4448;183;1.6;0.1
06;2021-02-23;174;157;4622;340;1.7;0.1
06;2021-02-24;163;115;4785;455;1.7;0.2
06;2021-02-25;180;192;4965;647;1.8;0.2
06;2021-02-26;223;244;5188;891;1.9;0.3
06;2021-03-01;115;233;5303;1124;1.9;0.4
06;2021-03-02;193;252;5496;1376;2.0;0.5
06;2021-03-03;158;115;5654;1491;2.0;0.5
07;2021-01-15;1;0;1;0;0.0;0.0
07;2021-01-21;2;0;3;0;0.0;0.0
07;2021-01-28;1;0;4;0;0.0;0.0
07;2021-02-03;7;0;11;0;0.1;0.0
07;2021-02-04;12;0;23;0;0.2;0.0
07;2021-02-05;10;2;33;2;0.3;0.0
07;2021-02-08;9;0;42;2;0.4;0.0
07;2021-02-09;25;0;67;2;0.7;0.0
07;2021-02-10;18;0;85;2;0.9;0.0
07;2021-02-11;31;0;116;2;1.2;0.0
07;2021-02-12;21;0;137;2;1.4;0.0
07;2021-02-16;1;0;138;2;1.4;0.0
07;2021-02-17;0;1;138;3;1.4;0.0
07;2021-02-18;17;2;155;5;1.6;0.1
07;2021-02-19;22;0;177;5;1.8;0.1
07;2021-02-24;20;0;197;5;2.0;0.1
07;2021-02-25;13;10;210;15;2.1;0.2
07;2021-02-26;20;10;230;25;2.3;0.3
07;2021-03-02;14;13;244;38;2.4;0.4
08;2021-02-02;3;0;3;0;0.0;0.0
08;2021-02-04;8;0;11;0;0.0;0.0
08;2021-02-22;1;0;12;0;0.0;0.0
08;2021-02-23;3;0;15;0;0.0;0.0
08;2021-02-25;37;3;52;3;0.1;0.0
08;2021-02-26;20;0;72;3;0.2;0.0
08;2021-03-01;44;2;116;5;0.3;0.0
08;2021-03-02;5;41;121;46;0.3;0.1
08;2021-03-03;13;12;134;58;0.4;0.2
11;2020-12-27;10;0;10;0;0.0;0.0
11;2020-12-28;2;0;12;0;0.0;0.0
11;2020-12-29;55;0;67;0;0.0;0.0
11;2020-12-30;77;0;144;0;0.0;0.0
11;2020-12-31;36;0;180;0;0.0;0.0
11;2021-01-01;19;0;199;0;0.0;0.0
11;2021-01-02;57;0;256;0;0.0;0.0
11;2021-01-03;76;0;332;0;0.0;0.0
11;2021-01-04;540;0;872;0;0.0;0.0
11;2021-01-05;1983;0;2855;0;0.0;0.0
11;2021-01-06;2898;0;5753;0;0.0;0.0
11;2021-01-07;5145;0;10898;0;0.1;0.0
11;2021-01-08;6712;0;17610;0;0.1;0.0
11;2021-01-09;1850;0;19460;0;0.2;0.0
11;2021-01-10;1718;0;21178;0;0.2;0.0
11;2021-01-11;7591;0;28769;0;0.2;0.0
11;2021-01-12;9814;0;38583;0;0.3;0.0
11;2021-01-13;9490;0;48073;0;0.4;0.0
11;2021-01-14;9702;0;57775;0;0.5;0.0
11;2021-01-15;8465;6;66240;6;0.5;0.0
11;2021-01-16;2351;82;68591;88;0.6;0.0
11;2021-01-17;1070;1;69661;89;0.6;0.0
11;2021-01-18;11974;9;81635;98;0.7;0.0
11;2021-01-19;15412;31;97047;129;0.8;0.0
11;2021-01-20;17975;21;115022;150;0.9;0.0
11;2021-01-21;21587;35;136609;185;1.1;0.0
11;2021-01-22;16604;82;153213;267;1.2;0.0
11;2021-01-23;4869;30;158082;297;1.3;0.0
11;2021-01-24;1229;54;159311;351;1.3;0.0
11;2021-01-25;8720;184;168031;535;1.4;0.0
11;2021-01-26;12140;404;180171;939;1.5;0.0
11;2021-01-27;15978;761;196149;1700;1.6;0.0
11;2021-01-28;19938;1435;216087;3135;1.8;0.0
11;2021-01-29;15123;1553;231210;4688;1.9;0.0
11;2021-01-30;4412;142;235622;4830;1.9;0.0
11;2021-01-31;577;157;236199;4987;1.9;0.0
11;2021-02-01;7288;2481;243487;7468;2.0;0.1
11;2021-02-02;8216;3871;251703;11339;2.0;0.1
11;2021-02-03;8052;4783;259755;16122;2.1;0.1
11;2021-02-04;8672;6103;268427;22225;2.2;0.2
11;2021-02-05;8809;5911;277236;28136;2.3;0.2
11;2021-02-06;3190;1446;280426;29582;2.3;0.2
11;2021-02-07;573;1351;280999;30933;2.3;0.3
11;2021-02-08;6078;7102;287077;38035;2.3;0.3
11;2021-02-09;8151;11259;295228;49294;2.4;0.4
11;2021-02-10;9762;13587;304990;62881;2.5;0.5
11;2021-02-11;11551;15248;316541;78129;2.6;0.6
11;2021-02-12;11180;10730;327721;88859;2.7;0.7
11;2021-02-13;2589;1974;330310;90833;2.7;0.7
11;2021-02-14;287;602;330597;91435;2.7;0.7
11;2021-02-15;4214;10754;334811;102189;2.7;0.8
11;2021-02-16;5297;13480;340108;115669;2.8;0.9
11;2021-02-17;5401;16447;345509;132116;2.8;1.1
11;2021-02-18;8040;20530;353549;152646;2.9;1.2
11;2021-02-19;8419;14287;361968;166933;2.9;1.4
11;2021-02-20;1591;3793;363559;170726;3.0;1.4
11;2021-02-21;386;812;363945;171538;3.0;1.4
11;2021-02-22;3947;8783;367892;180321;3.0;1.5
11;2021-02-23;4565;9586;372457;189907;3.0;1.5
11;2021-02-24;4809;9210;377266;199117;3.1;1.6
11;2021-02-25;7846;9803;385112;208920;3.1;1.7
11;2021-02-26;10406;9285;395518;218205;3.2;1.8
11;2021-02-27;4732;3065;400250;221270;3.3;1.8
11;2021-02-28;591;484;400841;221754;3.3;1.8
11;2021-03-01;7796;7207;408637;228961;3.3;1.9
11;2021-03-02;12848;8813;421485;237774;3.4;1.9
11;2021-03-03;16330;9026;437815;246800;3.6;2.0
24;2020-12-28;7;0;7;0;0.0;0.0
24;2020-12-29;9;0;16;0;0.0;0.0
24;2021-01-01;1;0;17;0;0.0;0.0
24;2021-01-04;4;0;21;0;0.0;0.0
24;2021-01-05;163;0;184;0;0.0;0.0
24;2021-01-06;310;0;494;0;0.0;0.0
24;2021-01-07;480;0;974;0;0.0;0.0
24;2021-01-08;929;0;1903;0;0.1;0.0
24;2021-01-09;502;0;2405;0;0.1;0.0
24;2021-01-10;395;0;2800;0;0.1;0.0
24;2021-01-11;1269;0;4069;0;0.2;0.0
24;2021-01-12;2571;0;6640;0;0.3;0.0
24;2021-01-13;2126;0;8766;0;0.3;0.0
24;2021-01-14;2438;0;11204;0;0.4;0.0
24;2021-01-15;2025;1;13229;1;0.5;0.0
24;2021-01-16;851;56;14080;57;0.6;0.0
24;2021-01-17;312;1;14392;58;0.6;0.0
24;2021-01-18;3200;6;17592;64;0.7;0.0
24;2021-01-19;6266;10;23858;74;0.9;0.0
24;2021-01-20;7085;0;30943;74;1.2;0.0
24;2021-01-21;7346;1;38289;75;1.5;0.0
24;2021-01-22;5078;0;43367;75;1.7;0.0
24;2021-01-23;1269;1;44636;76;1.7;0.0
24;2021-01-24;224;0;44860;76;1.8;0.0
24;2021-01-25;3099;14;47959;90;1.9;0.0
24;2021-01-26;4637;79;52596;169;2.1;0.0
24;2021-01-27;4994;227;57590;396;2.3;0.0
24;2021-01-28;5583;533;63173;929;2.5;0.0
24;2021-01-29;3414;680;66587;1609;2.6;0.1
24;2021-01-30;1207;393;67794;2002;2.6;0.1
24;2021-01-31;251;348;68045;2350;2.7;0.1
24;2021-02-01;2167;962;70212;3312;2.7;0.1
24;2021-02-02;3011;2104;73223;5416;2.9;0.2
24;2021-02-03;3091;1738;76314;7154;3.0;0.3
24;2021-02-04;3212;1673;79526;8827;3.1;0.3
24;2021-02-05;2381;1270;81907;10097;3.2;0.4
24;2021-02-06;695;261;82602;10358;3.2;0.4
24;2021-02-07;133;31;82735;10389;3.2;0.4
24;2021-02-08;1961;1606;84696;11995;3.3;0.5
24;2021-02-09;3341;3686;88037;15681;3.4;0.6
24;2021-02-10;3982;4036;92019;19717;3.6;0.8
24;2021-02-11;4497;5134;96516;24851;3.8;1.0
24;2021-02-12;3385;3162;99901;28013;3.9;1.1
24;2021-02-13;828;690;100729;28703;3.9;1.1
24;2021-02-14;425;121;101154;28824;4.0;1.1
24;2021-02-15;1960;2900;103114;31724;4.0;1.2
24;2021-02-16;2759;4543;105873;36267;4.1;1.4
24;2021-02-17;2666;5126;108539;41393;4.2;1.6
24;2021-02-18;3392;5077;111931;46470;4.4;1.8
24;2021-02-19;3094;3305;115025;49775;4.5;1.9
24;2021-02-20;1284;939;116309;50714;4.5;2.0
24;2021-02-21;424;144;116733;50858;4.6;2.0
24;2021-02-22;1614;2737;118347;53595;4.6;2.1
24;2021-02-23;2321;3015;120668;56610;4.7;2.2
24;2021-02-24;2079;3268;122747;59878;4.8;2.3
24;2021-02-25;3539;3108;126286;62986;4.9;2.5
24;2021-02-26;4340;2576;130626;65562;5.1;2.6
24;2021-02-27;1843;908;132469;66470;5.2;2.6
24;2021-02-28;96;157;132565;66627;5.2;2.6
24;2021-03-01;2124;1918;134689;68545;5.3;2.7
24;2021-03-02;3361;2841;138050;71386;5.4;2.8
24;2021-03-03;3400;3229;141450;74615;5.5;2.9
27;2020-12-27;4;0;4;0;0.0;0.0
27;2020-12-29;19;0;23;0;0.0;0.0
27;2020-12-30;20;0;43;0;0.0;0.0
27;2021-01-03;1;0;44;0;0.0;0.0
27;2021-01-04;26;0;70;0;0.0;0.0
27;2021-01-05;261;0;331;0;0.0;0.0
27;2021-01-06;711;0;1042;0;0.0;0.0
27;2021-01-07;1551;0;2593;0;0.1;0.0
27;2021-01-08;1893;0;4486;0;0.2;0.0
27;2021-01-09;687;0;5173;0;0.2;0.0
27;2021-01-10;3;0;5176;0;0.2;0.0
27;2021-01-11;2399;0;7575;0;0.3;0.0
27;2021-01-12;3706;0;11281;0;0.4;0.0
27;2021-01-13;3755;0;15036;0;0.5;0.0
27;2021-01-14;4614;0;19650;0;0.7;0.0
27;2021-01-15;3527;4;23177;4;0.8;0.0
27;2021-01-16;783;40;23960;44;0.9;0.0
27;2021-01-17;116;0;24076;44;0.9;0.0
27;2021-01-18;6181;1;30257;45;1.1;0.0
27;2021-01-19;8308;24;38565;69;1.4;0.0
27;2021-01-20;7860;20;46425;89;1.7;0.0
27;2021-01-21;9254;1;55679;90;2.0;0.0
27;2021-01-22;7599;1;63278;91;2.3;0.0
27;2021-01-23;2973;0;66251;91;2.4;0.0
27;2021-01-24;346;0;66597;91;2.4;0.0
27;2021-01-25;5169;17;71766;108;2.6;0.0
27;2021-01-26;7303;307;79069;415;2.8;0.0
27;2021-01-27;7018;622;86087;1037;3.1;0.0
27;2021-01-28;6146;1189;92233;2226;3.3;0.1
27;2021-01-29;5814;1457;98047;3683;3.5;0.1
27;2021-01-30;2466;351;100513;4034;3.6;0.1
27;2021-01-31;250;3;100763;4037;3.6;0.1
27;2021-02-01;3352;1725;104115;5762;3.7;0.2
27;2021-02-02;4042;2833;108157;8595;3.9;0.3
27;2021-02-03;3616;2952;111773;11547;4.0;0.4
27;2021-02-04;3682;3275;115455;14822;4.1;0.5
27;2021-02-05;3202;2611;118657;17433;4.3;0.6
27;2021-02-06;1564;654;120221;18087;4.3;0.6
27;2021-02-07;5;4;120226;18091;4.3;0.7
27;2021-02-08;2866;2625;123092;20716;4.4;0.7
27;2021-02-09;2968;3682;126060;24398;4.5;0.9
27;2021-02-10;3003;3861;129063;28259;4.6;1.0
27;2021-02-11;3179;5005;132242;33264;4.8;1.2
27;2021-02-12;2692;4027;134934;37291;4.8;1.3
27;2021-02-13;976;1426;135910;38717;4.9;1.4
27;2021-02-14;259;219;136169;38936;4.9;1.4
27;2021-02-15;1216;5197;137385;44133;4.9;1.6
27;2021-02-16;1475;7113;138860;51246;5.0;1.8
27;2021-02-17;1758;6733;140618;57979;5.1;2.1
27;2021-02-18;2061;6181;142679;64160;5.1;2.3
27;2021-02-19;1678;5438;144357;69598;5.2;2.5
27;2021-02-20;688;2053;145045;71651;5.2;2.6
27;2021-02-21;0;149;145045;71800;5.2;2.6
27;2021-02-22;927;4648;145972;76448;5.2;2.7
27;2021-02-23;1154;5071;147126;81519;5.3;2.9
27;2021-02-24;1438;4714;148564;86233;5.3;3.1
27;2021-02-25;2850;4801;151414;91034;5.4;3.3
27;2021-02-26;3579;3898;154993;94932;5.6;3.4
27;2021-02-27;1878;1925;156871;96857;5.6;3.5
27;2021-02-28;106;210;156977;97067;5.6;3.5
27;2021-03-01;3476;3229;160453;100296;5.8;3.6
27;2021-03-02;5075;3991;165528;104287;5.9;3.7
27;2021-03-03;5659;3330;171187;107617;6.2;3.9
28;2020-12-29;2;0;2;0;0.0;0.0
28;2020-12-31;1;0;3;0;0.0;0.0
28;2021-01-03;1;0;4;0;0.0;0.0
28;2021-01-04;16;0;20;0;0.0;0.0
28;2021-01-05;169;0;189;0;0.0;0.0
28;2021-01-06;1354;0;1543;0;0.0;0.0
28;2021-01-07;2567;0;4110;0;0.1;0.0
28;2021-01-08;3391;0;7501;0;0.2;0.0
28;2021-01-09;1326;0;8827;0;0.3;0.0
28;2021-01-10;702;0;9529;0;0.3;0.0
28;2021-01-11;3150;0;12679;0;0.4;0.0
28;2021-01-12;3895;0;16574;0;0.5;0.0
28;2021-01-13;4259;0;20833;0;0.6;0.0
28;2021-01-14;7923;0;28756;0;0.9;0.0
28;2021-01-15;6150;5;34906;5;1.1;0.0
28;2021-01-16;2082;69;36988;74;1.1;0.0
28;2021-01-17;4059;2;41047;76;1.2;0.0
28;2021-01-18;8675;2;49722;78;1.5;0.0
28;2021-01-19;7066;0;56788;78;1.7;0.0
28;2021-01-20;6480;0;63268;78;1.9;0.0
28;2021-01-21;5967;0;69235;78;2.1;0.0
28;2021-01-22;5435;1;74670;79;2.3;0.0
28;2021-01-23;2006;2;76676;81;2.3;0.0
28;2021-01-24;1442;9;78118;90;2.4;0.0
28;2021-01-25;6215;166;84333;256;2.6;0.0
28;2021-01-26;4567;491;88900;747;2.7;0.0
28;2021-01-27;4008;839;92908;1586;2.8;0.0
28;2021-01-28;3736;1019;96644;2605;2.9;0.1
28;2021-01-29;3482;1348;100126;3953;3.0;0.1
28;2021-01-30;1386;511;101512;4464;3.1;0.1
28;2021-01-31;195;123;101707;4587;3.1;0.1
28;2021-02-01;2775;1739;104482;6326;3.2;0.2
28;2021-02-02;2964;2556;107446;8882;3.3;0.3
28;2021-02-03;2936;3112;110382;11994;3.3;0.4
28;2021-02-04;3609;6194;113991;18188;3.5;0.6
28;2021-02-05;3842;4296;117833;22484;3.6;0.7
28;2021-02-06;1095;1475;118928;23959;3.6;0.7
28;2021-02-07;703;2603;119631;26562;3.6;0.8
28;2021-02-08;3759;7630;123390;34192;3.7;1.0
28;2021-02-09;3419;5653;126809;39845;3.8;1.2
28;2021-02-10;3374;4644;130183;44489;3.9;1.3
28;2021-02-11;4050;4683;134233;49172;4.1;1.5
28;2021-02-12;3932;4228;138165;53400;4.2;1.6
28;2021-02-13;1106;1564;139271;54964;4.2;1.7
28;2021-02-14;278;1307;139549;56271;4.2;1.7
28;2021-02-15;2154;6181;141703;62452;4.3;1.9
28;2021-02-16;2574;5141;144277;67593;4.4;2.0
28;2021-02-17;1907;4397;146184;71990;4.4;2.2
28;2021-02-18;2446;4005;148630;75995;4.5;2.3
28;2021-02-19;2451;3466;151081;79461;4.6;2.4
28;2021-02-20;907;1244;151988;80705;4.6;2.4
28;2021-02-21;100;299;152088;81004;4.6;2.5
28;2021-02-22;1647;3946;153735;84950;4.7;2.6
28;2021-02-23;2131;3646;155866;88596;4.7;2.7
28;2021-02-24;2326;3735;158192;92331;4.8;2.8
28;2021-02-25;4672;4163;162864;96494;4.9;2.9
28;2021-02-26;5660;3609;168524;100103;5.1;3.0
28;2021-02-27;2959;1058;171483;101161;5.2;3.1
28;2021-02-28;338;357;171821;101518;5.2;3.1
28;2021-03-01;2443;4593;174264;106111;5.3;3.2
28;2021-03-02;3734;3831;177998;109942;5.4;3.3
28;2021-03-03;4515;3063;182513;113005;5.5;3.4
32;2020-12-28;26;0;26;0;0.0;0.0
32;2020-12-29;12;0;38;0;0.0;0.0
32;2021-01-01;1;0;39;0;0.0;0.0
32;2021-01-03;2;0;41;0;0.0;0.0
32;2021-01-04;80;0;121;0;0.0;0.0
32;2021-01-05;297;0;418;0;0.0;0.0
32;2021-01-06;785;0;1203;0;0.0;0.0
32;2021-01-07;2397;0;3600;0;0.1;0.0
32;2021-01-08;3109;0;6709;0;0.1;0.0
32;2021-01-09;955;0;7664;0;0.1;0.0
32;2021-01-10;633;0;8297;0;0.1;0.0
32;2021-01-11;3135;0;11432;0;0.2;0.0
32;2021-01-12;4736;0;16168;0;0.3;0.0
32;2021-01-13;4797;0;20965;0;0.4;0.0
32;2021-01-14;5507;0;26472;0;0.4;0.0
32;2021-01-15;5029;8;31501;8;0.5;0.0
32;2021-01-16;1631;39;33132;47;0.6;0.0
32;2021-01-17;855;0;33987;47;0.6;0.0
32;2021-01-18;7080;1;41067;48;0.7;0.0
32;2021-01-19;9768;31;50835;79;0.9;0.0
32;2021-01-20;10159;7;60994;86;1.0;0.0
32;2021-01-21;12394;6;73388;92;1.2;0.0
32;2021-01-22;9672;1;83060;93;1.4;0.0
32;2021-01-23;3354;0;86414;93;1.4;0.0
32;2021-01-24;1118;12;87532;105;1.5;0.0
32;2021-01-25;6733;122;94265;227;1.6;0.0
32;2021-01-26;7261;202;101526;429;1.7;0.0
32;2021-01-27;4787;536;106313;965;1.8;0.0
32;2021-01-28;8414;2133;114727;3098;1.9;0.1
32;2021-01-29;5265;2213;119992;5311;2.0;0.1
32;2021-01-30;506;454;120498;5765;2.0;0.1
32;2021-01-31;66;136;120564;5901;2.0;0.1
32;2021-02-01;189;2264;120753;8165;2.0;0.1
32;2021-02-02;766;3598;121519;11763;2.0;0.2
32;2021-02-03;4019;3209;125538;14972;2.1;0.3
32;2021-02-04;3665;3785;129203;18757;2.2;0.3
32;2021-02-05;1955;3538;131158;22295;2.2;0.4
32;2021-02-06;492;957;131650;23252;2.2;0.4
32;2021-02-07;528;194;132178;23446;2.2;0.4
32;2021-02-08;1828;3540;134006;26986;2.2;0.5
32;2021-02-09;2526;4437;136532;31423;2.3;0.5
32;2021-02-10;2896;5347;139428;36770;2.3;0.6
32;2021-02-11;4499;6646;143927;43416;2.4;0.7
32;2021-02-12;4805;4735;148732;48151;2.5;0.8
32;2021-02-13;921;1859;149653;50010;2.5;0.8
32;2021-02-14;115;1021;149768;51031;2.5;0.9
32;2021-02-15;3389;7150;153157;58181;2.6;1.0
32;2021-02-16;3929;8287;157086;66468;2.6;1.1
32;2021-02-17;4120;8288;161206;74756;2.7;1.3
32;2021-02-18;6565;11795;167771;86551;2.8;1.5
32;2021-02-19;6702;7815;174473;94366;2.9;1.6
32;2021-02-20;2395;2477;176868;96843;3.0;1.6
32;2021-02-21;393;251;177261;97094;3.0;1.6
32;2021-02-22;3083;4833;180344;101927;3.0;1.7
32;2021-02-23;5255;5428;185599;107355;3.1;1.8
32;2021-02-24;7176;5939;192775;113294;3.2;1.9
32;2021-02-25;12424;4254;205199;117548;3.4;2.0
32;2021-02-26;12154;2116;217353;119664;3.6;2.0
32;2021-02-27;6082;148;223435;119812;3.7;2.0
32;2021-02-28;251;28;223686;119840;3.8;2.0
32;2021-03-01;6733;347;230419;120187;3.9;2.0
32;2021-03-02;10374;486;240793;120673;4.0;2.0
32;2021-03-03;11540;760;252333;121433;4.2;2.0
44;2020-12-31;11;0;11;0;0.0;0.0
44;2021-01-02;2;0;13;0;0.0;0.0
44;2021-01-03;1;0;14;0;0.0;0.0
44;2021-01-04;239;0;253;0;0.0;0.0
44;2021-01-05;768;0;1021;0;0.0;0.0
44;2021-01-06;1238;0;2259;0;0.0;0.0
44;2021-01-07;2385;0;4644;0;0.1;0.0
44;2021-01-08;3054;0;7698;0;0.1;0.0
44;2021-01-09;921;0;8619;0;0.2;0.0
44;2021-01-10;221;0;8840;0;0.2;0.0
44;2021-01-11;2903;0;11743;0;0.2;0.0
44;2021-01-12;5117;0;16860;0;0.3;0.0
44;2021-01-13;7474;0;24334;0;0.4;0.0
44;2021-01-14;9240;0;33574;0;0.6;0.0
44;2021-01-15;6475;1;40049;1;0.7;0.0
44;2021-01-16;1878;70;41927;71;0.8;0.0
44;2021-01-17;902;0;42829;71;0.8;0.0
44;2021-01-18;8665;1;51494;72;0.9;0.0
44;2021-01-19;10530;1;62024;73;1.1;0.0
44;2021-01-20;10846;4;72870;77;1.3;0.0
44;2021-01-21;11633;7;84503;84;1.5;0.0
44;2021-01-22;9551;4;94054;88;1.7;0.0
44;2021-01-23;3279;15;97333;103;1.8;0.0
44;2021-01-24;1565;6;98898;109;1.8;0.0
44;2021-01-25;6519;292;105417;401;1.9;0.0
44;2021-01-26;5623;447;111040;848;2.0;0.0
44;2021-01-27;7336;653;118376;1501;2.1;0.0
44;2021-01-28;8764;1393;127140;2894;2.3;0.1
44;2021-01-29;6705;1935;133845;4829;2.4;0.1
44;2021-01-30;2532;630;136377;5459;2.5;0.1
44;2021-01-31;1241;137;137618;5596;2.5;0.1
44;2021-02-01;6295;2337;143913;7933;2.6;0.1
44;2021-02-02;6016;4327;149929;12260;2.7;0.2
44;2021-02-03;5453;5195;155382;17455;2.8;0.3
44;2021-02-04;6196;7824;161578;25279;2.9;0.5
44;2021-02-05;6188;5035;167766;30314;3.0;0.5
44;2021-02-06;1919;1305;169685;31619;3.1;0.6
44;2021-02-07;401;685;170086;32304;3.1;0.6
44;2021-02-08;3777;4624;173863;36928;3.2;0.7
44;2021-02-09;5552;5886;179415;42814;3.3;0.8
44;2021-02-10;6072;6122;185487;48936;3.4;0.9
44;2021-02-11;6889;6925;192376;55861;3.5;1.0
44;2021-02-12;7124;5142;199500;61003;3.6;1.1
44;2021-02-13;2503;1177;202003;62180;3.7;1.1
44;2021-02-14;1602;1082;203605;63262;3.7;1.1
44;2021-02-15;3833;6663;207438;69925;3.8;1.3
44;2021-02-16;4442;7333;211880;77258;3.8;1.4
44;2021-02-17;4555;8031;216435;85289;3.9;1.5
44;2021-02-18;5720;9189;222155;94478;4.0;1.7
44;2021-02-19;5211;6999;227366;101477;4.1;1.8
44;2021-02-20;2316;2885;229682;104362;4.2;1.9
44;2021-02-21;527;1365;230209;105727;4.2;1.9
44;2021-02-22;4220;7079;234429;112806;4.3;2.0
44;2021-02-23;5603;6613;240032;119419;4.4;2.2
44;2021-02-24;6273;5781;246305;125200;4.5;2.3
44;2021-02-25;10038;6675;256343;131875;4.7;2.4
44;2021-02-26;11767;5586;268110;137461;4.9;2.5
44;2021-02-27;7728;2120;275838;139581;5.0;2.5
44;2021-02-28;2084;439;277922;140020;5.0;2.5
44;2021-03-01;5734;4348;283656;144368;5.1;2.6
44;2021-03-02;8854;4996;292510;149364;5.3;2.7
44;2021-03-03;10756;5110;303266;154474;5.5;2.8
52;2021-01-01;1;0;1;0;0.0;0.0
52;2021-01-02;1;0;2;0;0.0;0.0
52;2021-01-03;1;0;3;0;0.0;0.0
52;2021-01-04;34;0;37;0;0.0;0.0
52;2021-01-05;167;0;204;0;0.0;0.0
52;2021-01-06;323;0;527;0;0.0;0.0
52;2021-01-07;855;0;1382;0;0.0;0.0
52;2021-01-08;1606;0;2988;0;0.1;0.0
52;2021-01-09;1048;0;4036;0;0.1;0.0
52;2021-01-10;643;0;4679;0;0.1;0.0
52;2021-01-11;2190;0;6869;0;0.2;0.0
52;2021-01-12;3082;0;9951;0;0.3;0.0
52;2021-01-13;2907;0;12858;0;0.3;0.0
52;2021-01-14;3233;0;16091;0;0.4;0.0
52;2021-01-15;2980;3;19071;3;0.5;0.0
52;2021-01-16;890;22;19961;25;0.5;0.0
52;2021-01-17;498;0;20459;25;0.5;0.0
52;2021-01-18;3196;1;23655;26;0.6;0.0
52;2021-01-19;6505;1;30160;27;0.8;0.0
52;2021-01-20;8223;0;38383;27;1.0;0.0
52;2021-01-21;11964;0;50347;27;1.3;0.0
52;2021-01-22;7167;19;57514;46;1.5;0.0
52;2021-01-23;1676;2;59190;48;1.6;0.0
52;2021-01-24;174;0;59364;48;1.6;0.0
52;2021-01-25;2988;10;62352;58;1.6;0.0
52;2021-01-26;6694;187;69046;245;1.8;0.0
52;2021-01-27;7225;160;76271;405;2.0;0.0
52;2021-01-28;9632;536;85903;941;2.3;0.0
52;2021-01-29;5918;985;91821;1926;2.4;0.1
52;2021-01-30;1257;371;93078;2297;2.4;0.1
52;2021-01-31;79;313;93157;2610;2.5;0.1
52;2021-02-01;2501;1344;95658;3954;2.5;0.1
52;2021-02-02;2957;2234;98615;6188;2.6;0.2
52;2021-02-03;2663;2054;101278;8242;2.7;0.2
52;2021-02-04;2942;2197;104220;10439;2.7;0.3
52;2021-02-05;2939;2221;107159;12660;2.8;0.3
52;2021-02-06;1055;681;108214;13341;2.8;0.4
52;2021-02-07;150;290;108364;13631;2.9;0.4
52;2021-02-08;1916;2173;110280;15804;2.9;0.4
52;2021-02-09;3119;4048;113399;19852;3.0;0.5
52;2021-02-10;3278;5428;116677;25280;3.1;0.7
52;2021-02-11;5788;10407;122465;35687;3.2;0.9
52;2021-02-12;4546;4836;127011;40523;3.3;1.1
52;2021-02-13;1126;1126;128137;41649;3.4;1.1
52;2021-02-14;20;304;128157;41953;3.4;1.1
52;2021-02-15;1950;3123;130107;45076;3.4;1.2
52;2021-02-16;3983;6581;134090;51657;3.5;1.4
52;2021-02-17;3726;7011;137816;58668;3.6;1.5
52;2021-02-18;5993;9422;143809;68090;3.8;1.8
52;2021-02-19;5095;5610;148904;73700;3.9;1.9
52;2021-02-20;939;1219;149843;74919;3.9;2.0
52;2021-02-21;6;68;149849;74987;3.9;2.0
52;2021-02-22;2549;2949;152398;77936;4.0;2.0
52;2021-02-23;3291;3296;155689;81232;4.1;2.1
52;2021-02-24;3156;2700;158845;83932;4.2;2.2
52;2021-02-25;6197;2941;165042;86873;4.3;2.3
52;2021-02-26;6049;2715;171091;89588;4.5;2.4
52;2021-02-27;2187;999;173278;90587;4.6;2.4
52;2021-02-28;72;42;173350;90629;4.6;2.4
52;2021-03-01;2951;2254;176301;92883;4.6;2.4
52;2021-03-02;4558;3239;180859;96122;4.8;2.5
52;2021-03-03;5083;3113;185942;99235;4.9;2.6
53;2021-01-01;2;0;2;0;0.0;0.0
53;2021-01-02;3;0;5;0;0.0;0.0
53;2021-01-04;43;0;48;0;0.0;0.0
53;2021-01-05;200;0;248;0;0.0;0.0
53;2021-01-06;327;0;575;0;0.0;0.0
53;2021-01-07;834;0;1409;0;0.0;0.0
53;2021-01-08;1208;0;2617;0;0.1;0.0
53;2021-01-09;33;0;2650;0;0.1;0.0
53;2021-01-10;3;0;2653;0;0.1;0.0
53;2021-01-11;1658;0;4311;0;0.1;0.0
53;2021-01-12;3265;0;7576;0;0.2;0.0
53;2021-01-13;3246;0;10822;0;0.3;0.0
53;2021-01-14;3722;0;14544;0;0.4;0.0
53;2021-01-15;3252;1;17796;1;0.5;0.0
53;2021-01-16;682;29;18478;30;0.6;0.0
53;2021-01-17;180;1;18658;31;0.6;0.0
53;2021-01-18;3303;0;21961;31;0.7;0.0
53;2021-01-19;8091;0;30052;31;0.9;0.0
53;2021-01-20;6899;0;36951;31;1.1;0.0
53;2021-01-21;11156;1;48107;32;1.4;0.0
53;2021-01-22;7596;0;55703;32;1.7;0.0
53;2021-01-23;1490;0;57193;32;1.7;0.0
53;2021-01-24;253;0;57446;32;1.7;0.0
53;2021-01-25;3049;56;60495;88;1.8;0.0
53;2021-01-26;4081;265;64576;353;1.9;0.0
53;2021-01-27;7166;317;71742;670;2.1;0.0
53;2021-01-28;6880;632;78622;1302;2.4;0.0
53;2021-01-29;4175;722;82797;2024;2.5;0.1
53;2021-01-30;844;36;83641;2060;2.5;0.1
53;2021-01-31;78;3;83719;2063;2.5;0.1
53;2021-02-01;2201;1141;85920;3204;2.6;0.1
53;2021-02-02;3417;2360;89337;5564;2.7;0.2
53;2021-02-03;3157;2219;92494;7783;2.8;0.2
53;2021-02-04;6886;2350;99380;10133;3.0;0.3
53;2021-02-05;5366;2073;104746;12206;3.1;0.4
53;2021-02-06;1165;275;105911;12481;3.2;0.4
53;2021-02-07;212;120;106123;12601;3.2;0.4
53;2021-02-08;1625;1549;107748;14150;3.2;0.4
53;2021-02-09;3850;6032;111598;20182;3.3;0.6
53;2021-02-10;3737;5395;115335;25577;3.5;0.8
53;2021-02-11;5477;9391;120812;34968;3.6;1.0
53;2021-02-12;5466;5167;126278;40135;3.8;1.2
53;2021-02-13;1218;546;127496;40681;3.8;1.2
53;2021-02-14;25;121;127521;40802;3.8;1.2
53;2021-02-15;2272;2982;129793;43784;3.9;1.3
53;2021-02-16;3921;3049;133714;46833;4.0;1.4
53;2021-02-17;3956;5505;137670;52338;4.1;1.6
53;2021-02-18;5686;5911;143356;58249;4.3;1.7
53;2021-02-19;5034;4385;148390;62634;4.4;1.9
53;2021-02-20;1177;812;149567;63446;4.5;1.9
53;2021-02-21;162;100;149729;63546;4.5;1.9
53;2021-02-22;2308;2598;152037;66144;4.6;2.0
53;2021-02-23;3873;3436;155910;69580;4.7;2.1
53;2021-02-24;4300;3615;160210;73195;4.8;2.2
53;2021-02-25;7620;7121;167830;80316;5.0;2.4
53;2021-02-26;8518;4224;176348;84540;5.3;2.5
53;2021-02-27;3397;1077;179745;85617;5.4;2.6
53;2021-02-28;227;172;179972;85789;5.4;2.6
53;2021-03-01;3290;2050;183262;87839;5.5;2.6
53;2021-03-02;5519;4358;188781;92197;5.7;2.8
53;2021-03-03;6265;3422;195046;95619;5.8;2.9
75;2020-12-28;1;0;1;0;0.0;0.0
75;2020-12-29;2;0;3;0;0.0;0.0
75;2020-12-30;1;0;4;0;0.0;0.0
75;2021-01-02;1;0;5;0;0.0;0.0
75;2021-01-04;89;0;94;0;0.0;0.0
75;2021-01-05;124;0;218;0;0.0;0.0
75;2021-01-06;732;0;950;0;0.0;0.0
75;2021-01-07;4831;0;5781;0;0.1;0.0
75;2021-01-08;5282;0;11063;0;0.2;0.0
75;2021-01-09;836;0;11899;0;0.2;0.0
75;2021-01-10;478;0;12377;0;0.2;0.0
75;2021-01-11;3551;0;15928;0;0.3;0.0
75;2021-01-12;5923;0;21851;0;0.4;0.0
75;2021-01-13;6512;0;28363;0;0.5;0.0
75;2021-01-14;7979;0;36342;0;0.6;0.0
75;2021-01-15;7456;6;43798;6;0.7;0.0
75;2021-01-16;1511;60;45309;66;0.8;0.0
75;2021-01-17;420;1;45729;67;0.8;0.0
75;2021-01-18;6850;1;52579;68;0.9;0.0
75;2021-01-19;13988;0;66567;68;1.1;0.0
75;2021-01-20;15380;0;81947;68;1.4;0.0
75;2021-01-21;16750;2;98697;70;1.6;0.0
75;2021-01-22;12866;4;111563;74;1.9;0.0
75;2021-01-23;4414;1;115977;75;1.9;0.0
75;2021-01-24;697;1;116674;76;1.9;0.0
75;2021-01-25;8847;224;125521;300;2.1;0.0
75;2021-01-26;11518;587;137039;887;2.3;0.0
75;2021-01-27;12160;844;149199;1731;2.5;0.0
75;2021-01-28;12835;3015;162034;4746;2.7;0.1
75;2021-01-29;9944;2960;171978;7706;2.9;0.1
75;2021-01-30;3373;479;175351;8185;2.9;0.1
75;2021-01-31;644;396;175995;8581;2.9;0.1
75;2021-02-01;5733;2780;181728;11361;3.0;0.2
75;2021-02-02;9501;4839;191229;16200;3.2;0.3
75;2021-02-03;9488;4344;200717;20544;3.3;0.3
75;2021-02-04;10589;6064;211306;26608;3.5;0.4
75;2021-02-05;7411;5398;218717;32006;3.6;0.5
75;2021-02-06;2301;877;221018;32883;3.7;0.5
75;2021-02-07;670;222;221688;33105;3.7;0.6
75;2021-02-08;5056;3856;226744;36961;3.8;0.6
75;2021-02-09;7198;9323;233942;46284;3.9;0.8
75;2021-02-10;7468;9340;241410;55624;4.0;0.9
75;2021-02-11;8596;11583;250006;67207;4.2;1.1
75;2021-02-12;7276;8126;257282;75333;4.3;1.3
75;2021-02-13;1871;1664;259153;76997;4.3;1.3
75;2021-02-14;272;308;259425;77305;4.3;1.3
75;2021-02-15;3196;7178;262621;84483;4.4;1.4
75;2021-02-16;4554;10143;267175;94626;4.5;1.6
75;2021-02-17;4499;11234;271674;105860;4.5;1.8
75;2021-02-18;5133;12897;276807;118757;4.6;2.0
75;2021-02-19;5248;9147;282055;127904;4.7;2.1
75;2021-02-20;969;2599;283024;130503;4.7;2.2
75;2021-02-21;178;558;283202;131061;4.7;2.2
75;2021-02-22;3513;7678;286715;138739;4.8;2.3
75;2021-02-23;5081;10573;291796;149312;4.9;2.5
75;2021-02-24;5846;10097;297642;159409;5.0;2.7
75;2021-02-25;9512;11351;307154;170760;5.1;2.8
75;2021-02-26;11540;8010;318694;178770;5.3;3.0
75;2021-02-27;5678;2391;324372;181161;5.4;3.0
75;2021-02-28;306;567;324678;181728;5.4;3.0
75;2021-03-01;4834;6490;329512;188218;5.5;3.1
75;2021-03-02;8788;7641;338300;195859;5.6;3.3
75;2021-03-03;10273;7219;348573;203078;5.8;3.4
76;2020-12-31;1;0;1;0;0.0;0.0
76;2021-01-01;3;0;4;0;0.0;0.0
76;2021-01-03;1;0;5;0;0.0;0.0
76;2021-01-04;58;0;63;0;0.0;0.0
76;2021-01-05;471;0;534;0;0.0;0.0
76;2021-01-06;776;0;1310;0;0.0;0.0
76;2021-01-07;2524;0;3834;0;0.1;0.0
76;2021-01-08;3163;0;6997;0;0.1;0.0
76;2021-01-09;1523;0;8520;0;0.1;0.0
76;2021-01-10;515;0;9035;0;0.2;0.0
76;2021-01-11;3439;0;12474;0;0.2;0.0
76;2021-01-12;5534;0;18008;0;0.3;0.0
76;2021-01-13;6272;0;24280;0;0.4;0.0
76;2021-01-14;8772;0;33052;0;0.6;0.0
76;2021-01-15;7060;6;40112;6;0.7;0.0
76;2021-01-16;1944;80;42056;86;0.7;0.0
76;2021-01-17;702;0;42758;86;0.7;0.0
76;2021-01-18;7558;2;50316;88;0.8;0.0
76;2021-01-19;11075;1;61391;89;1.0;0.0
76;2021-01-20;13467;1;74858;90;1.3;0.0
76;2021-01-21;16370;0;91228;90;1.5;0.0
76;2021-01-22;11576;5;102804;95;1.7;0.0
76;2021-01-23;3868;4;106672;99;1.8;0.0
76;2021-01-24;721;9;107393;108;1.8;0.0
76;2021-01-25;7743;76;115136;184;1.9;0.0
76;2021-01-26;10193;279;125329;463;2.1;0.0
76;2021-01-27;10597;548;135926;1011;2.3;0.0
76;2021-01-28;9977;1973;145903;2984;2.5;0.1
76;2021-01-29;7913;2237;153816;5221;2.6;0.1
76;2021-01-30;3153;705;156969;5926;2.6;0.1
76;2021-01-31;512;251;157481;6177;2.7;0.1
76;2021-02-01;5721;2624;163202;8801;2.8;0.1
76;2021-02-02;9768;4254;172970;13055;2.9;0.2
76;2021-02-03;9390;4355;182360;17410;3.1;0.3
76;2021-02-04;9876;6349;192236;23759;3.2;0.4
76;2021-02-05;7603;4958;199839;28717;3.4;0.5
76;2021-02-06;2588;948;202427;29665;3.4;0.5
76;2021-02-07;525;364;202952;30029;3.4;0.5
76;2021-02-08;4713;4266;207665;34295;3.5;0.6
76;2021-02-09;6104;7174;213769;41469;3.6;0.7
76;2021-02-10;6942;9710;220711;51179;3.7;0.9
76;2021-02-11;8612;11718;229323;62897;3.9;1.1
76;2021-02-12;7726;7515;237049;70412;4.0;1.2
76;2021-02-13;2584;2165;239633;72577;4.0;1.2
76;2021-02-14;331;768;239964;73345;4.1;1.2
76;2021-02-15;3230;5939;243194;79284;4.1;1.3
76;2021-02-16;4078;8474;247272;87758;4.2;1.5
76;2021-02-17;4216;9592;251488;97350;4.2;1.6
76;2021-02-18;5629;9537;257117;106887;4.3;1.8
76;2021-02-19;4697;7823;261814;114710;4.4;1.9
76;2021-02-20;1516;2869;263330;117579;4.4;2.0
76;2021-02-21;250;527;263580;118106;4.4;2.0
76;2021-02-22;3214;7262;266794;125368;4.5;2.1
76;2021-02-23;4752;10445;271546;135813;4.6;2.3
76;2021-02-24;4404;10334;275950;146147;4.7;2.5
76;2021-02-25;7959;9628;283909;155775;4.8;2.6
76;2021-02-26;9264;7891;293173;163666;4.9;2.8
76;2021-02-27;3559;2907;296732;166573;5.0;2.8
76;2021-02-28;421;332;297153;166905;5.0;2.8
76;2021-03-01;5062;5873;302215;172778;5.1;2.9
76;2021-03-02;7923;7052;310138;179830;5.2;3.0
76;2021-03-03;8751;6883;318889;186713;5.4;3.2
84;2020-12-28;6;0;6;0;0.0;0.0
84;2020-12-29;5;0;11;0;0.0;0.0
84;2020-12-30;5;0;16;0;0.0;0.0
84;2020-12-31;12;0;28;0;0.0;0.0
84;2021-01-01;7;0;35;0;0.0;0.0
84;2021-01-02;1;0;36;0;0.0;0.0
84;2021-01-04;173;0;209;0;0.0;0.0
84;2021-01-05;451;0;660;0;0.0;0.0
84;2021-01-06;1125;0;1785;0;0.0;0.0
84;2021-01-07;2759;0;4544;0;0.1;0.0
84;2021-01-08;3022;0;7566;0;0.1;0.0
84;2021-01-09;503;0;8069;0;0.1;0.0
84;2021-01-10;159;0;8228;0;0.1;0.0
84;2021-01-11;4134;0;12362;0;0.2;0.0
84;2021-01-12;6154;0;18516;0;0.2;0.0
84;2021-01-13;6714;0;25230;0;0.3;0.0
84;2021-01-14;8728;0;33958;0;0.4;0.0
84;2021-01-15;7556;8;41514;8;0.5;0.0
84;2021-01-16;2934;40;44448;48;0.6;0.0
84;2021-01-17;915;1;45363;49;0.6;0.0
84;2021-01-18;8789;7;54152;56;0.7;0.0
84;2021-01-19;14699;7;68851;63;0.9;0.0
84;2021-01-20;15235;6;84086;69;1.0;0.0
84;2021-01-21;14264;7;98350;76;1.2;0.0
84;2021-01-22;12230;5;110580;81;1.4;0.0
84;2021-01-23;4735;0;115315;81;1.4;0.0
84;2021-01-24;807;0;116122;81;1.4;0.0
84;2021-01-25;8691;152;124813;233;1.6;0.0
84;2021-01-26;11753;357;136566;590;1.7;0.0
84;2021-01-27;11894;683;148460;1273;1.8;0.0
84;2021-01-28;13375;1820;161835;3093;2.0;0.0
84;2021-01-29;10626;1463;172461;4556;2.1;0.1
84;2021-01-30;4090;300;176551;4856;2.2;0.1
84;2021-01-31;498;1;177049;4857;2.2;0.1
84;2021-02-01;6439;2028;183488;6885;2.3;0.1
84;2021-02-02;10343;3751;193831;10636;2.4;0.1
84;2021-02-03;11155;4190;204986;14826;2.6;0.2
84;2021-02-04;12030;5922;217016;20748;2.7;0.3
84;2021-02-05;8312;4827;225328;25575;2.8;0.3
84;2021-02-06;2576;1042;227904;26617;2.8;0.3
84;2021-02-07;449;428;228353;27045;2.8;0.3
84;2021-02-08;6077;4778;234430;31823;2.9;0.4
84;2021-02-09;9021;9041;243451;40864;3.0;0.5
84;2021-02-10;9221;9344;252672;50208;3.1;0.6
84;2021-02-11;10094;10131;262766;60339;3.3;0.8
84;2021-02-12;9281;7891;272047;68230;3.4;0.8
84;2021-02-13;3447;2225;275494;70455;3.4;0.9
84;2021-02-14;600;363;276094;70818;3.4;0.9
84;2021-02-15;4677;8353;280771;79171;3.5;1.0
84;2021-02-16;5746;10226;286517;89397;3.6;1.1
84;2021-02-17;5694;11225;292211;100622;3.6;1.3
84;2021-02-18;6382;11751;298593;112373;3.7;1.4
84;2021-02-19;6318;8782;304911;121155;3.8;1.5
84;2021-02-20;1676;3286;306587;124441;3.8;1.5
84;2021-02-21;176;457;306763;124898;3.8;1.6
84;2021-02-22;4060;8623;310823;133521;3.9;1.7
84;2021-02-23;6670;11514;317493;145035;4.0;1.8
84;2021-02-24;6813;11915;324306;156950;4.0;2.0
84;2021-02-25;11515;13038;335821;169988;4.2;2.1
84;2021-02-26;13716;8583;349537;178571;4.4;2.2
84;2021-02-27;5314;2782;354851;181353;4.4;2.3
84;2021-02-28;446;254;355297;181607;4.4;2.3
84;2021-03-01;8350;5833;363647;187440;4.5;2.3
84;2021-03-02;13629;7323;377276;194763;4.7;2.4
84;2021-03-03;13562;6898;390838;201661;4.9;2.5
93;2020-12-27;1;0;1;0;0.0;0.0
93;2020-12-30;3;0;4;0;0.0;0.0
93;2020-12-31;19;0;23;0;0.0;0.0
93;2021-01-01;9;0;32;0;0.0;0.0
93;2021-01-02;2;0;34;0;0.0;0.0
93;2021-01-03;1;0;35;0;0.0;0.0
93;2021-01-04;129;0;164;0;0.0;0.0
93;2021-01-05;239;0;403;0;0.0;0.0
93;2021-01-06;403;0;806;0;0.0;0.0
93;2021-01-07;1234;0;2040;0;0.0;0.0
93;2021-01-08;1557;0;3597;0;0.1;0.0
93;2021-01-09;536;0;4133;0;0.1;0.0
93;2021-01-10;72;0;4205;0;0.1;0.0
93;2021-01-11;2324;0;6529;0;0.1;0.0
93;2021-01-12;4957;0;11486;0;0.2;0.0
93;2021-01-13;4315;0;15801;0;0.3;0.0
93;2021-01-14;5219;0;21020;0;0.4;0.0
93;2021-01-15;4745;3;25765;3;0.5;0.0
93;2021-01-16;1659;37;27424;40;0.5;0.0
93;2021-01-17;297;1;27721;41;0.5;0.0
93;2021-01-18;6827;12;34548;53;0.7;0.0
93;2021-01-19;13079;1;47627;54;0.9;0.0
93;2021-01-20;11727;3;59354;57;1.2;0.0
93;2021-01-21;11875;11;71229;68;1.4;0.0
93;2021-01-22;9684;1;80913;69;1.6;0.0
93;2021-01-23;3229;0;84142;69;1.7;0.0
93;2021-01-24;511;0;84653;69;1.7;0.0
93;2021-01-25;7105;64;91758;133;1.8;0.0
93;2021-01-26;9456;143;101214;276;2.0;0.0
93;2021-01-27;8975;343;110189;619;2.2;0.0
93;2021-01-28;13255;943;123444;1562;2.4;0.0
93;2021-01-29;9517;1073;132961;2635;2.6;0.1
93;2021-01-30;2204;116;135165;2751;2.7;0.1
93;2021-01-31;297;0;135462;2751;2.7;0.1
93;2021-02-01;5009;1641;140471;4392;2.8;0.1
93;2021-02-02;5835;2361;146306;6753;2.9;0.1
93;2021-02-03;4944;2039;151250;8792;3.0;0.2
93;2021-02-04;5236;3900;156486;12692;3.1;0.3
93;2021-02-05;5846;4688;162332;17380;3.2;0.3
93;2021-02-06;1211;1098;163543;18478;3.2;0.4
93;2021-02-07;276;16;163819;18494;3.2;0.4
93;2021-02-08;4167;3989;167986;22483;3.3;0.4
93;2021-02-09;5728;7973;173714;30456;3.4;0.6
93;2021-02-10;5601;6549;179315;37005;3.5;0.7
93;2021-02-11;6346;7008;185661;44013;3.7;0.9
93;2021-02-12;5442;6397;191103;50410;3.8;1.0
93;2021-02-13;1066;1638;192169;52048;3.8;1.0
93;2021-02-14;77;240;192246;52288;3.8;1.0
93;2021-02-15;2247;5662;194493;57950;3.8;1.1
93;2021-02-16;2936;7708;197429;65658;3.9;1.3
93;2021-02-17;3442;8516;200871;74174;4.0;1.5
93;2021-02-18;5386;11920;206257;86094;4.1;1.7
93;2021-02-19;5074;8238;211331;94332;4.2;1.9
93;2021-02-20;752;1771;212083;96103;4.2;1.9
93;2021-02-21;69;321;212152;96424;4.2;1.9
93;2021-02-22;2485;6060;214637;102484;4.2;2.0
93;2021-02-23;2993;6115;217630;108599;4.3;2.1
93;2021-02-24;3862;6210;221492;114809;4.4;2.3
93;2021-02-25;6984;5921;228476;120730;4.5;2.4
93;2021-02-26;6992;5332;235468;126062;4.7;2.5
93;2021-02-27;2760;1243;238228;127305;4.7;2.5
93;2021-02-28;298;207;238526;127512;4.7;2.5
93;2021-03-01;4595;4193;243121;131705;4.8;2.6
93;2021-03-02;6146;5295;249267;137000;4.9;2.7
93;2021-03-03;7513;5633;256780;142633;5.1;2.8
94;2021-01-04;2;0;2;0;0.0;0.0
94;2021-01-06;53;0;55;0;0.0;0.0
94;2021-01-07;330;0;385;0;0.1;0.0
94;2021-01-08;309;0;694;0;0.2;0.0
94;2021-01-09;76;0;770;0;0.2;0.0
94;2021-01-10;34;0;804;0;0.2;0.0
94;2021-01-11;151;0;955;0;0.3;0.0
94;2021-01-12;206;0;1161;0;0.3;0.0
94;2021-01-13;203;0;1364;0;0.4;0.0
94;2021-01-14;263;0;1627;0;0.5;0.0
94;2021-01-15;379;0;2006;0;0.6;0.0
94;2021-01-16;197;2;2203;2;0.6;0.0
94;2021-01-17;89;0;2292;2;0.7;0.0
94;2021-01-18;469;0;2761;2;0.8;0.0
94;2021-01-19;980;0;3741;2;1.1;0.0
94;2021-01-20;804;0;4545;2;1.3;0.0
94;2021-01-21;806;0;5351;2;1.6;0.0
94;2021-01-22;704;0;6055;2;1.8;0.0
94;2021-01-23;243;1;6298;3;1.8;0.0
94;2021-01-24;146;0;6444;3;1.9;0.0
94;2021-01-25;422;1;6866;4;2.0;0.0
94;2021-01-26;788;5;7654;9;2.2;0.0
94;2021-01-27;663;56;8317;65;2.4;0.0
94;2021-01-28;702;241;9019;306;2.6;0.1
94;2021-01-29;608;248;9627;554;2.8;0.2
94;2021-01-30;204;75;9831;629;2.9;0.2
94;2021-01-31;149;7;9980;636;2.9;0.2
94;2021-02-01;451;169;10431;805;3.0;0.2
94;2021-02-02;642;167;11073;972;3.2;0.3
94;2021-02-03;780;166;11853;1138;3.4;0.3
94;2021-02-04;708;304;12561;1442;3.6;0.4
94;2021-02-05;654;237;13215;1679;3.8;0.5
94;2021-02-06;196;80;13411;1759;3.9;0.5
94;2021-02-07;125;50;13536;1809;3.9;0.5
94;2021-02-08;318;369;13854;2178;4.0;0.6
94;2021-02-09;707;621;14561;2799;4.2;0.8
94;2021-02-10;638;398;15199;3197;4.4;0.9
94;2021-02-11;671;447;15870;3644;4.6;1.1
94;2021-02-12;640;399;16510;4043;4.8;1.2
94;2021-02-13;282;74;16792;4117;4.9;1.2
94;2021-02-14;193;74;16985;4191;4.9;1.2
94;2021-02-15;375;278;17360;4469;5.0;1.3
94;2021-02-16;632;600;17992;5069;5.2;1.5
94;2021-02-17;583;451;18575;5520;5.4;1.6
94;2021-02-18;544;542;19119;6062;5.5;1.8
94;2021-02-19;284;592;19403;6654;5.6;1.9
94;2021-02-20;275;192;19678;6846;5.7;2.0
94;2021-02-21;55;84;19733;6930;5.7;2.0
94;2021-02-22;211;395;19944;7325;5.8;2.1
94;2021-02-23;350;642;20294;7967;5.9;2.3
94;2021-02-24;294;595;20588;8562;6.0;2.5
94;2021-02-25;347;605;20935;9167;6.1;2.7
94;2021-02-26;413;549;21348;9716;6.2;2.8
94;2021-02-27;367;151;21715;9867;6.3;2.9
94;2021-02-28;68;123;21783;9990;6.3;2.9
94;2021-03-01;346;406;22129;10396;6.4;3.0
94;2021-03-02;536;643;22665;11039;6.6;3.2
94;2021-03-03;513;683;23178;11722;6.7;3.4
