reg;jour;n_dose1;n_dose2;n_cum_dose1;n_cum_dose2;couv_dose1;couv_dose2
01;2021-01-08;1;0;1;0;0.0;0.0
01;2021-01-09;2;0;3;0;0.0;0.0
01;2021-01-12;20;0;23;0;0.0;0.0
01;2021-01-13;17;0;40;0;0.0;0.0
01;2021-01-14;35;0;75;0;0.0;0.0
01;2021-01-15;31;0;106;0;0.0;0.0
01;2021-01-18;62;0;168;0;0.0;0.0
01;2021-01-19;104;0;272;0;0.1;0.0
01;2021-01-20;64;0;336;0;0.1;0.0
01;2021-01-21;95;0;431;0;0.1;0.0
01;2021-01-22;54;0;485;0;0.1;0.0
01;2021-01-25;83;0;568;0;0.2;0.0
01;2021-01-26;99;1;667;1;0.2;0.0
01;2021-01-27;200;0;867;1;0.2;0.0
01;2021-01-28;107;2;974;3;0.3;0.0
01;2021-01-29;92;1;1066;4;0.3;0.0
01;2021-01-30;2;0;1068;4;0.3;0.0
01;2021-02-01;94;5;1162;9;0.3;0.0
01;2021-02-02;140;24;1302;33;0.3;0.0
01;2021-02-03;132;7;1434;40;0.4;0.0
01;2021-02-04;129;25;1563;65;0.4;0.0
01;2021-02-05;148;28;1711;93;0.5;0.0
01;2021-02-06;1;0;1712;93;0.5;0.0
01;2021-02-08;105;20;1817;113;0.5;0.0
01;2021-02-09;205;37;2022;150;0.5;0.0
01;2021-02-10;130;40;2152;190;0.6;0.1
01;2021-02-11;172;108;2324;298;0.6;0.1
01;2021-02-12;213;37;2537;335;0.7;0.1
01;2021-02-13;0;9;2537;344;0.7;0.1
01;2021-02-14;12;32;2549;376;0.7;0.1
01;2021-02-15;92;31;2641;407;0.7;0.1
01;2021-02-16;13;0;2654;407;0.7;0.1
01;2021-02-18;126;36;2780;443;0.7;0.1
01;2021-02-19;173;58;2953;501;0.8;0.1
01;2021-02-22;102;47;3055;548;0.8;0.1
01;2021-02-23;154;86;3209;634;0.9;0.2
01;2021-02-24;193;110;3402;744;0.9;0.2
01;2021-02-25;152;75;3554;819;0.9;0.2
01;2021-02-26;92;97;3646;916;1.0;0.2
01;2021-03-01;51;83;3697;999;1.0;0.3
01;2021-03-02;156;135;3853;1134;1.0;0.3
01;2021-03-03;53;103;3906;1237;1.0;0.3
01;2021-03-04;101;84;4007;1321;1.1;0.4
01;2021-03-05;187;120;4194;1441;1.1;0.4
01;2021-03-06;74;0;4268;1441;1.1;0.4
01;2021-03-08;65;104;4333;1545;1.1;0.4
01;2021-03-09;156;167;4489;1712;1.2;0.5
01;2021-03-10;149;138;4638;1850;1.2;0.5
01;2021-03-11;89;42;4727;1892;1.3;0.5
02;2021-01-06;5;0;5;0;0.0;0.0
02;2021-01-07;31;0;36;0;0.0;0.0
02;2021-01-08;79;0;115;0;0.0;0.0
02;2021-01-09;20;0;135;0;0.0;0.0
02;2021-01-11;117;0;252;0;0.1;0.0
02;2021-01-12;78;0;330;0;0.1;0.0
02;2021-01-13;64;0;394;0;0.1;0.0
02;2021-01-14;81;0;475;0;0.1;0.0
02;2021-01-15;130;0;605;0;0.2;0.0
02;2021-01-16;51;1;656;1;0.2;0.0
02;2021-01-18;158;0;814;1;0.2;0.0
02;2021-01-19;140;0;954;1;0.3;0.0
02;2021-01-20;163;0;1117;1;0.3;0.0
02;2021-01-21;181;0;1298;1;0.4;0.0
02;2021-01-22;156;0;1454;1;0.4;0.0
02;2021-01-23;58;0;1512;1;0.4;0.0
02;2021-01-25;156;0;1668;1;0.5;0.0
02;2021-01-26;132;0;1800;1;0.5;0.0
02;2021-01-27;158;6;1958;7;0.5;0.0
02;2021-01-28;143;24;2101;31;0.6;0.0
02;2021-01-29;143;57;2244;88;0.6;0.0
02;2021-01-30;95;16;2339;104;0.7;0.0
02;2021-02-01;114;105;2453;209;0.7;0.1
02;2021-02-02;184;81;2637;290;0.7;0.1
02;2021-02-03;127;69;2764;359;0.8;0.1
02;2021-02-04;156;61;2920;420;0.8;0.1
02;2021-02-05;120;87;3040;507;0.8;0.1
02;2021-02-06;62;25;3102;532;0.9;0.1
02;2021-02-07;1;0;3103;532;0.9;0.1
02;2021-02-08;136;94;3239;626;0.9;0.2
02;2021-02-09;172;70;3411;696;1.0;0.2
02;2021-02-10;138;89;3549;785;1.0;0.2
02;2021-02-11;135;108;3684;893;1.0;0.2
02;2021-02-12;122;124;3806;1017;1.1;0.3
02;2021-02-13;32;38;3838;1055;1.1;0.3
02;2021-02-15;47;63;3885;1118;1.1;0.3
02;2021-02-17;0;1;3885;1119;1.1;0.3
02;2021-02-18;64;129;3949;1248;1.1;0.3
02;2021-02-19;69;126;4018;1374;1.1;0.4
02;2021-02-20;48;68;4066;1442;1.1;0.4
02;2021-02-22;96;134;4162;1576;1.2;0.4
02;2021-02-23;112;220;4274;1796;1.2;0.5
02;2021-02-24;93;169;4367;1965;1.2;0.5
02;2021-02-25;78;149;4445;2114;1.2;0.6
02;2021-02-26;111;164;4556;2278;1.3;0.6
02;2021-02-27;68;51;4624;2329;1.3;0.6
02;2021-03-01;137;137;4761;2466;1.3;0.7
02;2021-03-02;155;114;4916;2580;1.4;0.7
02;2021-03-03;176;102;5092;2682;1.4;0.7
02;2021-03-04;140;122;5232;2804;1.5;0.8
02;2021-03-05;231;117;5463;2921;1.5;0.8
02;2021-03-06;116;59;5579;2980;1.6;0.8
02;2021-03-07;95;0;5674;2980;1.6;0.8
02;2021-03-08;189;124;5863;3104;1.6;0.9
02;2021-03-09;272;125;6135;3229;1.7;0.9
02;2021-03-10;306;117;6441;3346;1.8;0.9
02;2021-03-11;289;70;6730;3416;1.9;1.0
03;2021-01-13;30;0;30;0;0.0;0.0
03;2021-01-14;46;0;76;0;0.0;0.0
03;2021-01-15;34;0;110;0;0.0;0.0
03;2021-01-16;18;0;128;0;0.0;0.0
03;2021-01-18;61;0;189;0;0.1;0.0
03;2021-01-19;142;0;331;0;0.1;0.0
03;2021-01-20;132;0;463;0;0.2;0.0
03;2021-01-21;116;0;579;0;0.2;0.0
03;2021-01-22;75;0;654;0;0.2;0.0
03;2021-01-25;56;0;710;0;0.2;0.0
03;2021-01-26;98;0;808;0;0.3;0.0
03;2021-01-27;109;0;917;0;0.3;0.0
03;2021-01-28;96;2;1013;2;0.3;0.0
03;2021-01-29;103;2;1116;4;0.4;0.0
03;2021-02-01;54;0;1170;4;0.4;0.0
03;2021-02-02;122;4;1292;8;0.4;0.0
03;2021-02-03;113;18;1405;26;0.5;0.0
03;2021-02-04;79;37;1484;63;0.5;0.0
03;2021-02-05;55;7;1539;70;0.5;0.0
03;2021-02-08;50;12;1589;82;0.5;0.0
03;2021-02-09;91;38;1680;120;0.6;0.0
03;2021-02-10;99;76;1779;196;0.6;0.1
03;2021-02-11;89;71;1868;267;0.6;0.1
03;2021-02-12;77;43;1945;310;0.7;0.1
03;2021-02-15;26;63;1971;373;0.7;0.1
03;2021-02-16;119;50;2090;423;0.7;0.1
03;2021-02-17;133;123;2223;546;0.8;0.2
03;2021-02-18;100;140;2323;686;0.8;0.2
03;2021-02-19;119;72;2442;758;0.8;0.3
03;2021-02-22;78;48;2520;806;0.9;0.3
03;2021-02-23;152;93;2672;899;0.9;0.3
03;2021-02-24;182;119;2854;1018;1.0;0.4
03;2021-02-25;252;89;3106;1107;1.1;0.4
03;2021-02-26;252;67;3358;1174;1.2;0.4
03;2021-02-27;112;1;3470;1175;1.2;0.4
03;2021-03-01;173;87;3643;1262;1.3;0.4
03;2021-03-02;243;104;3886;1366;1.3;0.5
03;2021-03-03;249;123;4135;1489;1.4;0.5
03;2021-03-04;260;69;4395;1558;1.5;0.5
03;2021-03-05;241;45;4636;1603;1.6;0.6
03;2021-03-06;115;0;4751;1603;1.6;0.6
03;2021-03-08;184;33;4935;1636;1.7;0.6
03;2021-03-09;275;73;5210;1709;1.8;0.6
03;2021-03-10;257;106;5467;1815;1.9;0.6
03;2021-03-11;221;97;5688;1912;2.0;0.7
04;2021-01-01;1;0;1;0;0.0;0.0
04;2021-01-05;2;0;3;0;0.0;0.0
04;2021-01-09;1;0;4;0;0.0;0.0
04;2021-01-15;313;0;317;0;0.0;0.0
04;2021-01-16;26;0;343;0;0.0;0.0
04;2021-01-18;49;0;392;0;0.0;0.0
04;2021-01-19;393;0;785;0;0.1;0.0
04;2021-01-20;439;0;1224;0;0.1;0.0
04;2021-01-21;605;0;1829;0;0.2;0.0
04;2021-01-22;409;0;2238;0;0.3;0.0
04;2021-01-23;75;0;2313;0;0.3;0.0
04;2021-01-25;271;0;2584;0;0.3;0.0
04;2021-01-26;429;0;3013;0;0.4;0.0
04;2021-01-27;317;0;3330;0;0.4;0.0
04;2021-01-28;404;0;3734;0;0.4;0.0
04;2021-01-29;420;2;4154;2;0.5;0.0
04;2021-01-30;419;0;4573;2;0.5;0.0
04;2021-02-01;372;4;4945;6;0.6;0.0
04;2021-02-02;496;3;5441;9;0.6;0.0
04;2021-02-03;579;13;6020;22;0.7;0.0
04;2021-02-04;605;17;6625;39;0.8;0.0
04;2021-02-05;563;239;7188;278;0.8;0.0
04;2021-02-06;498;3;7686;281;0.9;0.0
04;2021-02-08;464;31;8150;312;0.9;0.0
04;2021-02-09;769;112;8919;424;1.0;0.0
04;2021-02-10;729;93;9648;517;1.1;0.1
04;2021-02-11;754;107;10402;624;1.2;0.1
04;2021-02-12;633;78;11035;702;1.3;0.1
04;2021-02-13;538;19;11573;721;1.3;0.1
04;2021-02-14;1;0;11574;721;1.3;0.1
04;2021-02-15;520;152;12094;873;1.4;0.1
04;2021-02-16;619;493;12713;1366;1.5;0.2
04;2021-02-17;525;368;13238;1734;1.5;0.2
04;2021-02-18;478;471;13716;2205;1.6;0.3
04;2021-02-19;498;283;14214;2488;1.7;0.3
04;2021-02-20;572;105;14786;2593;1.7;0.3
04;2021-02-22;400;231;15186;2824;1.8;0.3
04;2021-02-23;603;236;15789;3060;1.8;0.4
04;2021-02-24;561;269;16350;3329;1.9;0.4
04;2021-02-25;622;307;16972;3636;2.0;0.4
04;2021-02-26;469;445;17441;4081;2.0;0.5
04;2021-02-27;342;402;17783;4483;2.1;0.5
04;2021-03-01;281;408;18064;4891;2.1;0.6
04;2021-03-02;459;609;18523;5500;2.2;0.6
04;2021-03-03;724;663;19247;6163;2.2;0.7
04;2021-03-04;733;598;19980;6761;2.3;0.8
04;2021-03-05;716;486;20696;7247;2.4;0.8
04;2021-03-06;805;425;21501;7672;2.5;0.9
04;2021-03-08;425;484;21926;8156;2.5;0.9
04;2021-03-09;611;664;22537;8820;2.6;1.0
04;2021-03-10;611;679;23148;9499;2.7;1.1
04;2021-03-11;592;591;23740;10090;2.8;1.2
06;2021-01-11;9;0;9;0;0.0;0.0
06;2021-01-23;1;0;10;0;0.0;0.0
06;2021-01-25;133;0;143;0;0.1;0.0
06;2021-01-26;155;1;298;1;0.1;0.0
06;2021-01-27;234;0;532;1;0.2;0.0
06;2021-01-28;92;0;624;1;0.2;0.0
06;2021-01-29;222;1;846;2;0.3;0.0
06;2021-01-30;283;0;1129;2;0.4;0.0
06;2021-01-31;1;0;1130;2;0.4;0.0
06;2021-02-01;100;2;1230;4;0.4;0.0
06;2021-02-02;327;0;1557;4;0.6;0.0
06;2021-02-03;214;0;1771;4;0.6;0.0
06;2021-02-04;213;0;1984;4;0.7;0.0
06;2021-02-05;211;0;2195;4;0.8;0.0
06;2021-02-06;82;0;2277;4;0.8;0.0
06;2021-02-08;79;2;2356;6;0.8;0.0
06;2021-02-09;159;2;2515;8;0.9;0.0
06;2021-02-10;152;0;2667;8;1.0;0.0
06;2021-02-11;219;0;2886;8;1.0;0.0
06;2021-02-12;266;1;3152;9;1.1;0.0
06;2021-02-13;55;0;3207;9;1.1;0.0
06;2021-02-15;257;1;3464;10;1.2;0.0
06;2021-02-16;246;7;3710;17;1.3;0.0
06;2021-02-17;165;0;3875;17;1.4;0.0
06;2021-02-18;163;3;4038;20;1.4;0.0
06;2021-02-19;223;7;4261;27;1.5;0.0
06;2021-02-20;134;4;4395;31;1.6;0.0
06;2021-02-22;107;153;4502;184;1.6;0.1
06;2021-02-23;174;163;4676;347;1.7;0.1
06;2021-02-24;163;116;4839;463;1.7;0.2
06;2021-02-25;180;211;5019;674;1.8;0.2
06;2021-02-26;226;263;5245;937;1.9;0.3
06;2021-03-01;129;242;5374;1179;1.9;0.4
06;2021-03-02;194;253;5568;1432;2.0;0.5
06;2021-03-03;159;115;5727;1547;2.0;0.6
06;2021-03-04;174;83;5901;1630;2.1;0.6
06;2021-03-05;98;61;5999;1691;2.1;0.6
06;2021-03-08;120;24;6119;1715;2.2;0.6
06;2021-03-09;315;31;6434;1746;2.3;0.6
06;2021-03-10;107;131;6541;1877;2.3;0.7
06;2021-03-11;104;61;6645;1938;2.4;0.7
07;2021-01-15;1;0;1;0;0.0;0.0
07;2021-01-21;2;0;3;0;0.0;0.0
07;2021-01-28;1;0;4;0;0.0;0.0
07;2021-02-03;7;0;11;0;0.1;0.0
07;2021-02-04;12;0;23;0;0.2;0.0
07;2021-02-05;10;2;33;2;0.3;0.0
07;2021-02-08;9;0;42;2;0.4;0.0
07;2021-02-09;25;0;67;2;0.7;0.0
07;2021-02-10;18;0;85;2;0.9;0.0
07;2021-02-11;31;0;116;2;1.2;0.0
07;2021-02-12;21;0;137;2;1.4;0.0
07;2021-02-16;1;0;138;2;1.4;0.0
07;2021-02-17;0;1;138;3;1.4;0.0
07;2021-02-18;17;2;155;5;1.6;0.1
07;2021-02-19;22;0;177;5;1.8;0.1
07;2021-02-24;20;0;197;5;2.0;0.1
07;2021-02-25;13;10;210;15;2.1;0.2
07;2021-02-26;20;10;230;25;2.3;0.3
07;2021-03-02;14;13;244;38;2.4;0.4
07;2021-03-03;27;0;271;38;2.7;0.4
07;2021-03-04;25;20;296;58;3.0;0.6
07;2021-03-05;17;9;313;67;3.1;0.7
07;2021-03-08;1;0;314;67;3.2;0.7
07;2021-03-09;1;0;315;67;3.2;0.7
07;2021-03-10;16;15;331;82;3.3;0.8
07;2021-03-11;17;16;348;98;3.5;1.0
08;2021-02-02;3;0;3;0;0.0;0.0
08;2021-02-04;28;0;31;0;0.1;0.0
08;2021-02-09;2;0;33;0;0.1;0.0
08;2021-02-10;2;0;35;0;0.1;0.0
08;2021-02-19;1;0;36;0;0.1;0.0
08;2021-02-22;1;0;37;0;0.1;0.0
08;2021-02-23;3;0;40;0;0.1;0.0
08;2021-02-25;37;3;77;3;0.2;0.0
08;2021-02-26;32;4;109;7;0.3;0.0
08;2021-03-01;44;2;153;9;0.4;0.0
08;2021-03-02;5;41;158;50;0.4;0.1
08;2021-03-03;32;14;190;64;0.5;0.2
08;2021-03-04;25;20;215;84;0.6;0.2
08;2021-03-05;33;9;248;93;0.7;0.3
08;2021-03-08;29;7;277;100;0.8;0.3
08;2021-03-09;19;29;296;129;0.8;0.4
08;2021-03-10;21;25;317;154;0.9;0.4
11;2020-12-27;10;0;10;0;0.0;0.0
11;2020-12-28;2;0;12;0;0.0;0.0
11;2020-12-29;55;0;67;0;0.0;0.0
11;2020-12-30;78;0;145;0;0.0;0.0
11;2020-12-31;36;0;181;0;0.0;0.0
11;2021-01-01;20;0;201;0;0.0;0.0
11;2021-01-02;57;0;258;0;0.0;0.0
11;2021-01-03;76;0;334;0;0.0;0.0
11;2021-01-04;540;0;874;0;0.0;0.0
11;2021-01-05;1984;0;2858;0;0.0;0.0
11;2021-01-06;2906;0;5764;0;0.0;0.0
11;2021-01-07;5158;0;10922;0;0.1;0.0
11;2021-01-08;6734;0;17656;0;0.1;0.0
11;2021-01-09;1850;0;19506;0;0.2;0.0
11;2021-01-10;1718;0;21224;0;0.2;0.0
11;2021-01-11;7638;0;28862;0;0.2;0.0
11;2021-01-12;9862;0;38724;0;0.3;0.0
11;2021-01-13;9534;0;48258;0;0.4;0.0
11;2021-01-14;9732;0;57990;0;0.5;0.0
11;2021-01-15;8542;0;66532;0;0.5;0.0
11;2021-01-16;2353;81;68885;81;0.6;0.0
11;2021-01-17;1070;1;69955;82;0.6;0.0
11;2021-01-18;12001;9;81956;91;0.7;0.0
11;2021-01-19;15457;31;97413;122;0.8;0.0
11;2021-01-20;17978;21;115391;143;0.9;0.0
11;2021-01-21;21698;35;137089;178;1.1;0.0
11;2021-01-22;16646;82;153735;260;1.3;0.0
11;2021-01-23;4909;30;158644;290;1.3;0.0
11;2021-01-24;1241;54;159885;344;1.3;0.0
11;2021-01-25;8731;184;168616;528;1.4;0.0
11;2021-01-26;12173;403;180789;931;1.5;0.0
11;2021-01-27;15997;763;196786;1694;1.6;0.0
11;2021-01-28;20049;1439;216835;3133;1.8;0.0
11;2021-01-29;15159;1560;231994;4693;1.9;0.0
11;2021-01-30;4418;143;236412;4836;1.9;0.0
11;2021-01-31;581;158;236993;4994;1.9;0.0
11;2021-02-01;7299;2487;244292;7481;2.0;0.1
11;2021-02-02;8230;3889;252522;11370;2.1;0.1
11;2021-02-03;8068;4813;260590;16183;2.1;0.1
11;2021-02-04;8732;6119;269322;22302;2.2;0.2
11;2021-02-05;8851;5967;278173;28269;2.3;0.2
11;2021-02-06;3228;1453;281401;29722;2.3;0.2
11;2021-02-07;576;1352;281977;31074;2.3;0.3
11;2021-02-08;6127;7181;288104;38255;2.3;0.3
11;2021-02-09;8277;11346;296381;49601;2.4;0.4
11;2021-02-10;9876;13636;306257;63237;2.5;0.5
11;2021-02-11;11889;15475;318146;78712;2.6;0.6
11;2021-02-12;11444;10858;329590;89570;2.7;0.7
11;2021-02-13;2630;1987;332220;91557;2.7;0.7
11;2021-02-14;290;602;332510;92159;2.7;0.8
11;2021-02-15;4287;10820;336797;102979;2.7;0.8
11;2021-02-16;5431;13577;342228;116556;2.8;0.9
11;2021-02-17;5574;16592;347802;133148;2.8;1.1
11;2021-02-18;8282;20747;356084;153895;2.9;1.3
11;2021-02-19;8662;14486;364746;168381;3.0;1.4
11;2021-02-20;1607;3809;366353;172190;3.0;1.4
11;2021-02-21;390;851;366743;173041;3.0;1.4
11;2021-02-22;4060;9000;370803;182041;3.0;1.5
11;2021-02-23;4734;10003;375537;192044;3.1;1.6
11;2021-02-24;5185;9596;380722;201640;3.1;1.6
11;2021-02-25;8158;10104;388880;211744;3.2;1.7
11;2021-02-26;10779;9512;399659;221256;3.3;1.8
11;2021-02-27;4916;3164;404575;224420;3.3;1.8
11;2021-02-28;659;545;405234;224965;3.3;1.8
11;2021-03-01;8233;7415;413467;232380;3.4;1.9
11;2021-03-02;13565;8972;427032;241352;3.5;2.0
11;2021-03-03;17647;9461;444679;250813;3.6;2.0
11;2021-03-04;25985;10647;470664;261460;3.8;2.1
11;2021-03-05;34247;9630;504911;271090;4.1;2.2
11;2021-03-06;45131;2571;550042;273661;4.5;2.2
11;2021-03-07;33440;506;583482;274167;4.8;2.2
11;2021-03-08;16376;5908;599858;280075;4.9;2.3
11;2021-03-09;23280;6307;623138;286382;5.1;2.3
11;2021-03-10;23572;7075;646710;293457;5.3;2.4
11;2021-03-11;31530;8173;678240;301630;5.5;2.5
24;2020-12-28;17;0;17;0;0.0;0.0
24;2020-12-29;9;0;26;0;0.0;0.0
24;2021-01-01;1;0;27;0;0.0;0.0
24;2021-01-04;24;0;51;0;0.0;0.0
24;2021-01-05;163;0;214;0;0.0;0.0
24;2021-01-06;327;0;541;0;0.0;0.0
24;2021-01-07;490;0;1031;0;0.0;0.0
24;2021-01-08;951;0;1982;0;0.1;0.0
24;2021-01-09;502;0;2484;0;0.1;0.0
24;2021-01-10;395;0;2879;0;0.1;0.0
24;2021-01-11;1278;0;4157;0;0.2;0.0
24;2021-01-12;2572;0;6729;0;0.3;0.0
24;2021-01-13;2141;0;8870;0;0.3;0.0
24;2021-01-14;2458;0;11328;0;0.4;0.0
24;2021-01-15;2056;0;13384;0;0.5;0.0
24;2021-01-16;851;55;14235;55;0.6;0.0
24;2021-01-17;312;1;14547;56;0.6;0.0
24;2021-01-18;3206;6;17753;62;0.7;0.0
24;2021-01-19;6269;17;24022;79;0.9;0.0
24;2021-01-20;7107;0;31129;79;1.2;0.0
24;2021-01-21;7350;1;38479;80;1.5;0.0
24;2021-01-22;5079;0;43558;80;1.7;0.0
24;2021-01-23;1270;1;44828;81;1.8;0.0
24;2021-01-24;225;0;45053;81;1.8;0.0
24;2021-01-25;3100;14;48153;95;1.9;0.0
24;2021-01-26;4642;94;52795;189;2.1;0.0
24;2021-01-27;5008;245;57803;434;2.3;0.0
24;2021-01-28;5596;535;63399;969;2.5;0.0
24;2021-01-29;3417;689;66816;1658;2.6;0.1
24;2021-01-30;1207;393;68023;2051;2.7;0.1
24;2021-01-31;251;348;68274;2399;2.7;0.1
24;2021-02-01;2170;973;70444;3372;2.8;0.1
24;2021-02-02;3012;2134;73456;5506;2.9;0.2
24;2021-02-03;3108;1754;76564;7260;3.0;0.3
24;2021-02-04;3226;1687;79790;8947;3.1;0.3
24;2021-02-05;2384;1271;82174;10218;3.2;0.4
24;2021-02-06;705;261;82879;10479;3.2;0.4
24;2021-02-07;134;31;83013;10510;3.2;0.4
24;2021-02-08;1968;1606;84981;12116;3.3;0.5
24;2021-02-09;3365;3716;88346;15832;3.5;0.6
24;2021-02-10;4047;4103;92393;19935;3.6;0.8
24;2021-02-11;4611;5299;97004;25234;3.8;1.0
24;2021-02-12;3437;3181;100441;28415;3.9;1.1
24;2021-02-13;834;691;101275;29106;4.0;1.1
24;2021-02-14;425;121;101700;29227;4.0;1.1
24;2021-02-15;1969;2987;103669;32214;4.1;1.3
24;2021-02-16;2766;4552;106435;36766;4.2;1.4
24;2021-02-17;2673;5140;109108;41906;4.3;1.6
24;2021-02-18;3436;5155;112544;47061;4.4;1.8
24;2021-02-19;3113;3373;115657;50434;4.5;2.0
24;2021-02-20;1283;939;116940;51373;4.6;2.0
24;2021-02-21;424;144;117364;51517;4.6;2.0
24;2021-02-22;1620;2741;118984;54258;4.6;2.1
24;2021-02-23;2326;3055;121310;57313;4.7;2.2
24;2021-02-24;2080;3307;123390;60620;4.8;2.4
24;2021-02-25;3541;3156;126931;63776;5.0;2.5
24;2021-02-26;4385;2581;131316;66357;5.1;2.6
24;2021-02-27;1863;908;133179;67265;5.2;2.6
24;2021-02-28;96;157;133275;67422;5.2;2.6
24;2021-03-01;2129;1942;135404;69364;5.3;2.7
24;2021-03-02;3378;3001;138782;72365;5.4;2.8
24;2021-03-03;3491;3473;142273;75838;5.6;3.0
24;2021-03-04;5178;3770;147451;79608;5.8;3.1
24;2021-03-05;6713;2575;154164;82183;6.0;3.2
24;2021-03-06;7298;604;161462;82787;6.3;3.2
24;2021-03-07;2277;156;163739;82943;6.4;3.2
24;2021-03-08;2619;2300;166358;85243;6.5;3.3
24;2021-03-09;5658;2650;172016;87893;6.7;3.4
24;2021-03-10;6228;3299;178244;91192;7.0;3.6
24;2021-03-11;7541;3279;185785;94471;7.3;3.7
27;2020-12-27;4;0;4;0;0.0;0.0
27;2020-12-29;19;0;23;0;0.0;0.0
27;2020-12-30;20;0;43;0;0.0;0.0
27;2021-01-03;1;0;44;0;0.0;0.0
27;2021-01-04;26;0;70;0;0.0;0.0
27;2021-01-05;261;0;331;0;0.0;0.0
27;2021-01-06;713;0;1044;0;0.0;0.0
27;2021-01-07;1551;0;2595;0;0.1;0.0
27;2021-01-08;1895;0;4490;0;0.2;0.0
27;2021-01-09;687;0;5177;0;0.2;0.0
27;2021-01-10;3;0;5180;0;0.2;0.0
27;2021-01-11;2401;0;7581;0;0.3;0.0
27;2021-01-12;3706;0;11287;0;0.4;0.0
27;2021-01-13;3763;0;15050;0;0.5;0.0
27;2021-01-14;4618;0;19668;0;0.7;0.0
27;2021-01-15;3532;0;23200;0;0.8;0.0
27;2021-01-16;783;40;23983;40;0.9;0.0
27;2021-01-17;116;0;24099;40;0.9;0.0
27;2021-01-18;6203;1;30302;41;1.1;0.0
27;2021-01-19;8313;24;38615;65;1.4;0.0
27;2021-01-20;7867;20;46482;85;1.7;0.0
27;2021-01-21;9347;1;55829;86;2.0;0.0
27;2021-01-22;7632;1;63461;87;2.3;0.0
27;2021-01-23;2973;0;66434;87;2.4;0.0
27;2021-01-24;346;0;66780;87;2.4;0.0
27;2021-01-25;5204;17;71984;104;2.6;0.0
27;2021-01-26;7341;307;79325;411;2.9;0.0
27;2021-01-27;7025;622;86350;1033;3.1;0.0
27;2021-01-28;6169;1189;92519;2222;3.3;0.1
27;2021-01-29;5819;1458;98338;3680;3.5;0.1
27;2021-01-30;2466;351;100804;4031;3.6;0.1
27;2021-01-31;250;3;101054;4034;3.6;0.1
27;2021-02-01;3355;1726;104409;5760;3.8;0.2
27;2021-02-02;4044;2836;108453;8596;3.9;0.3
27;2021-02-03;3618;2961;112071;11557;4.0;0.4
27;2021-02-04;3692;3352;115763;14909;4.2;0.5
27;2021-02-05;3230;2637;118993;17546;4.3;0.6
27;2021-02-06;1602;654;120595;18200;4.3;0.7
27;2021-02-07;5;4;120600;18204;4.3;0.7
27;2021-02-08;2908;2626;123508;20830;4.4;0.7
27;2021-02-09;3007;3812;126515;24642;4.5;0.9
27;2021-02-10;3031;3903;129546;28545;4.7;1.0
27;2021-02-11;3217;5180;132763;33725;4.8;1.2
27;2021-02-12;2702;4037;135465;37762;4.9;1.4
27;2021-02-13;976;1426;136441;39188;4.9;1.4
27;2021-02-14;259;221;136700;39409;4.9;1.4
27;2021-02-15;1225;5222;137925;44631;5.0;1.6
27;2021-02-16;1484;7247;139409;51878;5.0;1.9
27;2021-02-17;1782;6750;141191;58628;5.1;2.1
27;2021-02-18;2072;6221;143263;64849;5.1;2.3
27;2021-02-19;1679;5447;144942;70296;5.2;2.5
27;2021-02-20;691;2054;145633;72350;5.2;2.6
27;2021-02-21;0;149;145633;72499;5.2;2.6
27;2021-02-22;933;4711;146566;77210;5.3;2.8
27;2021-02-23;1183;5105;147749;82315;5.3;3.0
27;2021-02-24;1445;4751;149194;87066;5.4;3.1
27;2021-02-25;2856;4805;152050;91871;5.5;3.3
27;2021-02-26;3597;3907;155647;95778;5.6;3.4
27;2021-02-27;1880;1925;157527;97703;5.7;3.5
27;2021-02-28;106;210;157633;97913;5.7;3.5
27;2021-03-01;3520;3265;161153;101178;5.8;3.6
27;2021-03-02;5205;4002;166358;105180;6.0;3.8
27;2021-03-03;5767;3500;172125;108680;6.2;3.9
27;2021-03-04;7213;3437;179338;112117;6.4;4.0
27;2021-03-05;9342;2812;188680;114929;6.8;4.1
27;2021-03-06;6217;949;194897;115878;7.0;4.2
27;2021-03-07;834;14;195731;115892;7.0;4.2
27;2021-03-08;4475;3204;200206;119096;7.2;4.3
27;2021-03-09;7952;2997;208158;122093;7.5;4.4
27;2021-03-10;8150;2591;216308;124684;7.8;4.5
27;2021-03-11;9553;2703;225861;127387;8.1;4.6
28;2020-12-29;2;0;2;0;0.0;0.0
28;2020-12-31;1;0;3;0;0.0;0.0
28;2021-01-03;1;0;4;0;0.0;0.0
28;2021-01-04;16;0;20;0;0.0;0.0
28;2021-01-05;169;0;189;0;0.0;0.0
28;2021-01-06;1356;0;1545;0;0.0;0.0
28;2021-01-07;2581;0;4126;0;0.1;0.0
28;2021-01-08;3399;0;7525;0;0.2;0.0
28;2021-01-09;1326;0;8851;0;0.3;0.0
28;2021-01-10;703;0;9554;0;0.3;0.0
28;2021-01-11;3158;0;12712;0;0.4;0.0
28;2021-01-12;3899;0;16611;0;0.5;0.0
28;2021-01-13;4260;0;20871;0;0.6;0.0
28;2021-01-14;7946;0;28817;0;0.9;0.0
28;2021-01-15;6171;0;34988;0;1.1;0.0
28;2021-01-16;2082;62;37070;62;1.1;0.0
28;2021-01-17;4060;2;41130;64;1.2;0.0
28;2021-01-18;8680;2;49810;66;1.5;0.0
28;2021-01-19;7067;0;56877;66;1.7;0.0
28;2021-01-20;6486;0;63363;66;1.9;0.0
28;2021-01-21;5969;0;69332;66;2.1;0.0
28;2021-01-22;5437;1;74769;67;2.3;0.0
28;2021-01-23;2015;2;76784;69;2.3;0.0
28;2021-01-24;1443;9;78227;78;2.4;0.0
28;2021-01-25;6215;166;84442;244;2.6;0.0
28;2021-01-26;4569;491;89011;735;2.7;0.0
28;2021-01-27;4012;841;93023;1576;2.8;0.0
28;2021-01-28;3737;1030;96760;2606;2.9;0.1
28;2021-01-29;3483;1349;100243;3955;3.0;0.1
28;2021-01-30;1386;511;101629;4466;3.1;0.1
28;2021-01-31;195;123;101824;4589;3.1;0.1
28;2021-02-01;2778;1739;104602;6328;3.2;0.2
28;2021-02-02;2972;2558;107574;8886;3.3;0.3
28;2021-02-03;2941;3118;110515;12004;3.3;0.4
28;2021-02-04;3692;6233;114207;18237;3.5;0.6
28;2021-02-05;3861;4322;118068;22559;3.6;0.7
28;2021-02-06;1128;1475;119196;24034;3.6;0.7
28;2021-02-07;714;2603;119910;26637;3.6;0.8
28;2021-02-08;3782;7704;123692;34341;3.7;1.0
28;2021-02-09;3436;5707;127128;40048;3.8;1.2
28;2021-02-10;3399;4664;130527;44712;4.0;1.4
28;2021-02-11;4080;4789;134607;49501;4.1;1.5
28;2021-02-12;3940;4257;138547;53758;4.2;1.6
28;2021-02-13;1109;1585;139656;55343;4.2;1.7
28;2021-02-14;281;1307;139937;56650;4.2;1.7
28;2021-02-15;2163;6188;142100;62838;4.3;1.9
28;2021-02-16;2622;5148;144722;67986;4.4;2.1
28;2021-02-17;1914;4403;146636;72389;4.4;2.2
28;2021-02-18;2485;4016;149121;76405;4.5;2.3
28;2021-02-19;2465;3500;151586;79905;4.6;2.4
28;2021-02-20;907;1244;152493;81149;4.6;2.5
28;2021-02-21;100;299;152593;81448;4.6;2.5
28;2021-02-22;1654;3961;154247;85409;4.7;2.6
28;2021-02-23;2139;3662;156386;89071;4.7;2.7
28;2021-02-24;2328;3780;158714;92851;4.8;2.8
28;2021-02-25;4672;4213;163386;97064;4.9;2.9
28;2021-02-26;5707;3674;169093;100738;5.1;3.0
28;2021-02-27;2973;1059;172066;101797;5.2;3.1
28;2021-02-28;340;358;172406;102155;5.2;3.1
28;2021-03-01;2480;4765;174886;106920;5.3;3.2
28;2021-03-02;3826;3900;178712;110820;5.4;3.4
28;2021-03-03;4656;3076;183368;113896;5.6;3.4
28;2021-03-04;7031;2572;190399;116468;5.8;3.5
28;2021-03-05;9801;2224;200200;118692;6.1;3.6
28;2021-03-06;9637;667;209837;119359;6.4;3.6
28;2021-03-07;3744;110;213581;119469;6.5;3.6
28;2021-03-08;5721;3024;219302;122493;6.6;3.7
28;2021-03-09;9049;2659;228351;125152;6.9;3.8
28;2021-03-10;9443;2164;237794;127316;7.2;3.9
28;2021-03-11;13335;1778;251129;129094;7.6;3.9
32;2020-12-28;26;0;26;0;0.0;0.0
32;2020-12-29;12;0;38;0;0.0;0.0
32;2021-01-01;1;0;39;0;0.0;0.0
32;2021-01-03;2;0;41;0;0.0;0.0
32;2021-01-04;81;0;122;0;0.0;0.0
32;2021-01-05;297;0;419;0;0.0;0.0
32;2021-01-06;785;0;1204;0;0.0;0.0
32;2021-01-07;2420;0;3624;0;0.1;0.0
32;2021-01-08;3125;0;6749;0;0.1;0.0
32;2021-01-09;955;0;7704;0;0.1;0.0
32;2021-01-10;633;0;8337;0;0.1;0.0
32;2021-01-11;3135;0;11472;0;0.2;0.0
32;2021-01-12;4737;0;16209;0;0.3;0.0
32;2021-01-13;4798;0;21007;0;0.4;0.0
32;2021-01-14;5535;0;26542;0;0.4;0.0
32;2021-01-15;5035;0;31577;0;0.5;0.0
32;2021-01-16;1631;39;33208;39;0.6;0.0
32;2021-01-17;855;0;34063;39;0.6;0.0
32;2021-01-18;7086;1;41149;40;0.7;0.0
32;2021-01-19;9770;31;50919;71;0.9;0.0
32;2021-01-20;10165;7;61084;78;1.0;0.0
32;2021-01-21;12406;6;73490;84;1.2;0.0
32;2021-01-22;9676;1;83166;85;1.4;0.0
32;2021-01-23;3354;0;86520;85;1.5;0.0
32;2021-01-24;1119;12;87639;97;1.5;0.0
32;2021-01-25;6741;122;94380;219;1.6;0.0
32;2021-01-26;7289;202;101669;421;1.7;0.0
32;2021-01-27;4794;536;106463;957;1.8;0.0
32;2021-01-28;8447;2151;114910;3108;1.9;0.1
32;2021-01-29;5280;2217;120190;5325;2.0;0.1
32;2021-01-30;533;454;120723;5779;2.0;0.1
32;2021-01-31;66;136;120789;5915;2.0;0.1
32;2021-02-01;189;2265;120978;8180;2.0;0.1
32;2021-02-02;774;3598;121752;11778;2.0;0.2
32;2021-02-03;4039;3210;125791;14988;2.1;0.3
32;2021-02-04;3666;3785;129457;18773;2.2;0.3
32;2021-02-05;1963;3542;131420;22315;2.2;0.4
32;2021-02-06;510;957;131930;23272;2.2;0.4
32;2021-02-07;533;194;132463;23466;2.2;0.4
32;2021-02-08;1852;3541;134315;27007;2.3;0.5
32;2021-02-09;2537;4441;136852;31448;2.3;0.5
32;2021-02-10;2928;5355;139780;36803;2.3;0.6
32;2021-02-11;4694;6657;144474;43460;2.4;0.7
32;2021-02-12;4928;4759;149402;48219;2.5;0.8
32;2021-02-13;925;1859;150327;50078;2.5;0.8
32;2021-02-14;115;1035;150442;51113;2.5;0.9
32;2021-02-15;3448;7166;153890;58279;2.6;1.0
32;2021-02-16;3951;8299;157841;66578;2.6;1.1
32;2021-02-17;4203;8576;162044;75154;2.7;1.3
32;2021-02-18;6723;12163;168767;87317;2.8;1.5
32;2021-02-19;6814;8092;175581;95409;2.9;1.6
32;2021-02-20;2478;2527;178059;97936;3.0;1.6
32;2021-02-21;431;347;178490;98283;3.0;1.6
32;2021-02-22;3162;5013;181652;103296;3.0;1.7
32;2021-02-23;5353;5539;187005;108835;3.1;1.8
32;2021-02-24;7244;6080;194249;114915;3.3;1.9
32;2021-02-25;12573;4392;206822;119307;3.5;2.0
32;2021-02-26;12295;2267;219117;121574;3.7;2.0
32;2021-02-27;6239;271;225356;121845;3.8;2.0
32;2021-02-28;302;111;225658;121956;3.8;2.0
32;2021-03-01;6968;373;232626;122329;3.9;2.1
32;2021-03-02;10681;551;243307;122880;4.1;2.1
32;2021-03-03;11732;818;255039;123698;4.3;2.1
32;2021-03-04;14438;1723;269477;125421;4.5;2.1
32;2021-03-05;16755;1391;286232;126812;4.8;2.1
32;2021-03-06;27322;565;313554;127377;5.3;2.1
32;2021-03-07;19234;105;332788;127482;5.6;2.1
32;2021-03-08;8613;2021;341401;129503;5.7;2.2
32;2021-03-09;13745;2687;355146;132190;6.0;2.2
32;2021-03-10;15065;2778;370211;134968;6.2;2.3
32;2021-03-11;19933;3976;390144;138944;6.5;2.3
44;2020-12-31;11;0;11;0;0.0;0.0
44;2021-01-02;2;0;13;0;0.0;0.0
44;2021-01-03;1;0;14;0;0.0;0.0
44;2021-01-04;239;0;253;0;0.0;0.0
44;2021-01-05;769;0;1022;0;0.0;0.0
44;2021-01-06;1241;0;2263;0;0.0;0.0
44;2021-01-07;2388;0;4651;0;0.1;0.0
44;2021-01-08;3057;0;7708;0;0.1;0.0
44;2021-01-09;924;0;8632;0;0.2;0.0
44;2021-01-10;223;0;8855;0;0.2;0.0
44;2021-01-11;2904;0;11759;0;0.2;0.0
44;2021-01-12;5119;0;16878;0;0.3;0.0
44;2021-01-13;7479;0;24357;0;0.4;0.0
44;2021-01-14;9270;0;33627;0;0.6;0.0
44;2021-01-15;6490;0;40117;0;0.7;0.0
44;2021-01-16;1882;70;41999;70;0.8;0.0
44;2021-01-17;902;0;42901;70;0.8;0.0
44;2021-01-18;8670;1;51571;71;0.9;0.0
44;2021-01-19;10549;1;62120;72;1.1;0.0
44;2021-01-20;10849;4;72969;76;1.3;0.0
44;2021-01-21;11638;7;84607;83;1.5;0.0
44;2021-01-22;9551;4;94158;87;1.7;0.0
44;2021-01-23;3279;15;97437;102;1.8;0.0
44;2021-01-24;1565;6;99002;108;1.8;0.0
44;2021-01-25;6520;293;105522;401;1.9;0.0
44;2021-01-26;5626;447;111148;848;2.0;0.0
44;2021-01-27;7339;653;118487;1501;2.1;0.0
44;2021-01-28;8742;1398;127229;2899;2.3;0.1
44;2021-01-29;6730;1939;133959;4838;2.4;0.1
44;2021-01-30;2535;634;136494;5472;2.5;0.1
44;2021-01-31;1243;139;137737;5611;2.5;0.1
44;2021-02-01;6296;2340;144033;7951;2.6;0.1
44;2021-02-02;6056;4328;150089;12279;2.7;0.2
44;2021-02-03;5487;5198;155576;17477;2.8;0.3
44;2021-02-04;6238;7863;161814;25340;2.9;0.5
44;2021-02-05;6244;5052;168058;30392;3.0;0.6
44;2021-02-06;1960;1306;170018;31698;3.1;0.6
44;2021-02-07;406;685;170424;32383;3.1;0.6
44;2021-02-08;3789;4644;174213;37027;3.2;0.7
44;2021-02-09;5577;5956;179790;42983;3.3;0.8
44;2021-02-10;6110;6134;185900;49117;3.4;0.9
44;2021-02-11;6934;6937;192834;56054;3.5;1.0
44;2021-02-12;7139;5156;199973;61210;3.6;1.1
44;2021-02-13;2503;1180;202476;62390;3.7;1.1
44;2021-02-14;1606;1083;204082;63473;3.7;1.2
44;2021-02-15;3845;6666;207927;70139;3.8;1.3
44;2021-02-16;4451;7350;212378;77489;3.9;1.4
44;2021-02-17;4566;8098;216944;85587;3.9;1.6
44;2021-02-18;5788;9287;222732;94874;4.0;1.7
44;2021-02-19;5216;7058;227948;101932;4.1;1.8
44;2021-02-20;2314;2887;230262;104819;4.2;1.9
44;2021-02-21;531;1380;230793;106199;4.2;1.9
44;2021-02-22;4269;7098;235062;113297;4.3;2.1
44;2021-02-23;5695;6757;240757;120054;4.4;2.2
44;2021-02-24;6339;5881;247096;125935;4.5;2.3
44;2021-02-25;10089;6810;257185;132745;4.7;2.4
44;2021-02-26;12036;5683;269221;138428;4.9;2.5
44;2021-02-27;7770;2137;276991;140565;5.0;2.6
44;2021-02-28;2084;458;279075;141023;5.1;2.6
44;2021-03-01;5835;4408;284910;145431;5.2;2.6
44;2021-03-02;9100;5266;294010;150697;5.3;2.7
44;2021-03-03;10942;5327;304952;156024;5.5;2.8
44;2021-03-04;12736;5572;317688;161596;5.8;2.9
44;2021-03-05;17243;4878;334931;166474;6.1;3.0
44;2021-03-06;19472;1690;354403;168164;6.4;3.1
44;2021-03-07;9909;505;364312;168669;6.6;3.1
44;2021-03-08;8837;4106;373149;172775;6.8;3.1
44;2021-03-09;14520;4315;387669;177090;7.0;3.2
44;2021-03-10;15835;4441;403504;181531;7.3;3.3
44;2021-03-11;19254;4916;422758;186447;7.7;3.4
52;2021-01-01;1;0;1;0;0.0;0.0
52;2021-01-02;1;0;2;0;0.0;0.0
52;2021-01-03;1;0;3;0;0.0;0.0
52;2021-01-04;34;0;37;0;0.0;0.0
52;2021-01-05;168;0;205;0;0.0;0.0
52;2021-01-06;378;0;583;0;0.0;0.0
52;2021-01-07;880;0;1463;0;0.0;0.0
52;2021-01-08;1656;0;3119;0;0.1;0.0
52;2021-01-09;1048;0;4167;0;0.1;0.0
52;2021-01-10;643;0;4810;0;0.1;0.0
52;2021-01-11;2192;0;7002;0;0.2;0.0
52;2021-01-12;3083;0;10085;0;0.3;0.0
52;2021-01-13;2913;0;12998;0;0.3;0.0
52;2021-01-14;3251;0;16249;0;0.4;0.0
52;2021-01-15;2981;0;19230;0;0.5;0.0
52;2021-01-16;890;22;20120;22;0.5;0.0
52;2021-01-17;498;0;20618;22;0.5;0.0
52;2021-01-18;3197;1;23815;23;0.6;0.0
52;2021-01-19;6509;1;30324;24;0.8;0.0
52;2021-01-20;8224;0;38548;24;1.0;0.0
52;2021-01-21;11989;0;50537;24;1.3;0.0
52;2021-01-22;7171;19;57708;43;1.5;0.0
52;2021-01-23;1676;2;59384;45;1.6;0.0
52;2021-01-24;174;0;59558;45;1.6;0.0
52;2021-01-25;2989;10;62547;55;1.6;0.0
52;2021-01-26;6697;187;69244;242;1.8;0.0
52;2021-01-27;7241;160;76485;402;2.0;0.0
52;2021-01-28;9649;539;86134;941;2.3;0.0
52;2021-01-29;5925;985;92059;1926;2.4;0.1
52;2021-01-30;1257;371;93316;2297;2.5;0.1
52;2021-01-31;79;313;93395;2610;2.5;0.1
52;2021-02-01;2505;1348;95900;3958;2.5;0.1
52;2021-02-02;2965;2263;98865;6221;2.6;0.2
52;2021-02-03;2683;2121;101548;8342;2.7;0.2
52;2021-02-04;2955;2239;104503;10581;2.7;0.3
52;2021-02-05;2957;2287;107460;12868;2.8;0.3
52;2021-02-06;1070;682;108530;13550;2.9;0.4
52;2021-02-07;150;290;108680;13840;2.9;0.4
52;2021-02-08;1919;2184;110599;16024;2.9;0.4
52;2021-02-09;3130;4076;113729;20100;3.0;0.5
52;2021-02-10;3287;5453;117016;25553;3.1;0.7
52;2021-02-11;5909;10498;122925;36051;3.2;0.9
52;2021-02-12;4605;4877;127530;40928;3.4;1.1
52;2021-02-13;1141;1127;128671;42055;3.4;1.1
52;2021-02-14;20;304;128691;42359;3.4;1.1
52;2021-02-15;1953;3150;130644;45509;3.4;1.2
52;2021-02-16;4059;6650;134703;52159;3.5;1.4
52;2021-02-17;3781;7124;138484;59283;3.6;1.6
52;2021-02-18;6068;9577;144552;68860;3.8;1.8
52;2021-02-19;5219;5718;149771;74578;3.9;2.0
52;2021-02-20;1005;1219;150776;75797;4.0;2.0
52;2021-02-21;6;68;150782;75865;4.0;2.0
52;2021-02-22;2559;2952;153341;78817;4.0;2.1
52;2021-02-23;3299;3335;156640;82152;4.1;2.2
52;2021-02-24;3197;2746;159837;84898;4.2;2.2
52;2021-02-25;6240;2968;166077;87866;4.4;2.3
52;2021-02-26;6111;2730;172188;90596;4.5;2.4
52;2021-02-27;2188;999;174376;91595;4.6;2.4
52;2021-02-28;72;42;174448;91637;4.6;2.4
52;2021-03-01;3041;2261;177489;93898;4.7;2.5
52;2021-03-02;4670;3278;182159;97176;4.8;2.6
52;2021-03-03;5202;3196;187361;100372;4.9;2.6
52;2021-03-04;7528;4902;194889;105274;5.1;2.8
52;2021-03-05;8786;3826;203675;109100;5.4;2.9
52;2021-03-06;5561;965;209236;110065;5.5;2.9
52;2021-03-07;2642;6;211878;110071;5.6;2.9
52;2021-03-08;5696;2091;217574;112162;5.7;3.0
52;2021-03-09;9206;3014;226780;115176;6.0;3.0
52;2021-03-10;8983;2987;235763;118163;6.2;3.1
52;2021-03-11;12952;4490;248715;122653;6.5;3.2
53;2021-01-01;2;0;2;0;0.0;0.0
53;2021-01-02;3;0;5;0;0.0;0.0
53;2021-01-04;43;0;48;0;0.0;0.0
53;2021-01-05;200;0;248;0;0.0;0.0
53;2021-01-06;327;0;575;0;0.0;0.0
53;2021-01-07;834;0;1409;0;0.0;0.0
53;2021-01-08;1208;0;2617;0;0.1;0.0
53;2021-01-09;33;0;2650;0;0.1;0.0
53;2021-01-10;4;0;2654;0;0.1;0.0
53;2021-01-11;1658;0;4312;0;0.1;0.0
53;2021-01-12;3266;0;7578;0;0.2;0.0
53;2021-01-13;3246;0;10824;0;0.3;0.0
53;2021-01-14;3722;0;14546;0;0.4;0.0
53;2021-01-15;3252;0;17798;0;0.5;0.0
53;2021-01-16;682;29;18480;29;0.6;0.0
53;2021-01-17;180;1;18660;30;0.6;0.0
53;2021-01-18;3305;0;21965;30;0.7;0.0
53;2021-01-19;8091;0;30056;30;0.9;0.0
53;2021-01-20;6930;0;36986;30;1.1;0.0
53;2021-01-21;11203;1;48189;31;1.4;0.0
53;2021-01-22;7626;0;55815;31;1.7;0.0
53;2021-01-23;1490;0;57305;31;1.7;0.0
53;2021-01-24;253;0;57558;31;1.7;0.0
53;2021-01-25;3051;56;60609;87;1.8;0.0
53;2021-01-26;4082;265;64691;352;1.9;0.0
53;2021-01-27;7180;317;71871;669;2.2;0.0
53;2021-01-28;6941;632;78812;1301;2.4;0.0
53;2021-01-29;4196;722;83008;2023;2.5;0.1
53;2021-01-30;844;36;83852;2059;2.5;0.1
53;2021-01-31;78;3;83930;2062;2.5;0.1
53;2021-02-01;2205;1141;86135;3203;2.6;0.1
53;2021-02-02;3421;2360;89556;5563;2.7;0.2
53;2021-02-03;3161;2217;92717;7780;2.8;0.2
53;2021-02-04;6934;2353;99651;10133;3.0;0.3
53;2021-02-05;5394;2097;105045;12230;3.1;0.4
53;2021-02-06;1191;275;106236;12505;3.2;0.4
53;2021-02-07;213;120;106449;12625;3.2;0.4
53;2021-02-08;1636;1550;108085;14175;3.2;0.4
53;2021-02-09;3890;6050;111975;20225;3.4;0.6
53;2021-02-10;3766;5426;115741;25651;3.5;0.8
53;2021-02-11;5608;9509;121349;35160;3.6;1.1
53;2021-02-12;5556;5200;126905;40360;3.8;1.2
53;2021-02-13;1218;548;128123;40908;3.8;1.2
53;2021-02-14;25;120;128148;41028;3.8;1.2
53;2021-02-15;2281;2993;130429;44021;3.9;1.3
53;2021-02-16;3929;3049;134358;47070;4.0;1.4
53;2021-02-17;3979;5608;138337;52678;4.1;1.6
53;2021-02-18;5773;6054;144110;58732;4.3;1.8
53;2021-02-19;5117;4424;149227;63156;4.5;1.9
53;2021-02-20;1176;812;150403;63968;4.5;1.9
53;2021-02-21;162;100;150565;64068;4.5;1.9
53;2021-02-22;2308;2610;152873;66678;4.6;2.0
53;2021-02-23;3876;3446;156749;70124;4.7;2.1
53;2021-02-24;4338;3650;161087;73774;4.8;2.2
53;2021-02-25;7699;7283;168786;81057;5.1;2.4
53;2021-02-26;8558;4236;177344;85293;5.3;2.6
53;2021-02-27;3400;1096;180744;86389;5.4;2.6
53;2021-02-28;227;175;180971;86564;5.4;2.6
53;2021-03-01;3391;2089;184362;88653;5.5;2.7
53;2021-03-02;5554;4578;189916;93231;5.7;2.8
53;2021-03-03;6336;3503;196252;96734;5.9;2.9
53;2021-03-04;9017;5137;205269;101871;6.1;3.0
53;2021-03-05;11661;5122;216930;106993;6.5;3.2
53;2021-03-06;5526;812;222456;107805;6.7;3.2
53;2021-03-07;906;79;223362;107884;6.7;3.2
53;2021-03-08;5083;1748;228445;109632;6.8;3.3
53;2021-03-09;9380;2528;237825;112160;7.1;3.4
53;2021-03-10;9056;3144;246881;115304;7.4;3.5
53;2021-03-11;13715;3645;260596;118949;7.8;3.6
75;2020-12-28;1;0;1;0;0.0;0.0
75;2020-12-29;2;0;3;0;0.0;0.0
75;2020-12-30;1;0;4;0;0.0;0.0
75;2021-01-02;1;0;5;0;0.0;0.0
75;2021-01-04;89;0;94;0;0.0;0.0
75;2021-01-05;124;0;218;0;0.0;0.0
75;2021-01-06;735;0;953;0;0.0;0.0
75;2021-01-07;4900;0;5853;0;0.1;0.0
75;2021-01-08;5294;0;11147;0;0.2;0.0
75;2021-01-09;836;0;11983;0;0.2;0.0
75;2021-01-10;478;0;12461;0;0.2;0.0
75;2021-01-11;3551;0;16012;0;0.3;0.0
75;2021-01-12;5924;0;21936;0;0.4;0.0
75;2021-01-13;6517;0;28453;0;0.5;0.0
75;2021-01-14;8001;0;36454;0;0.6;0.0
75;2021-01-15;7504;0;43958;0;0.7;0.0
75;2021-01-16;1512;60;45470;60;0.8;0.0
75;2021-01-17;420;1;45890;61;0.8;0.0
75;2021-01-18;6859;1;52749;62;0.9;0.0
75;2021-01-19;13998;0;66747;62;1.1;0.0
75;2021-01-20;15382;0;82129;62;1.4;0.0
75;2021-01-21;16801;2;98930;64;1.6;0.0
75;2021-01-22;12872;4;111802;68;1.9;0.0
75;2021-01-23;4417;1;116219;69;1.9;0.0
75;2021-01-24;697;1;116916;70;1.9;0.0
75;2021-01-25;8848;224;125764;294;2.1;0.0
75;2021-01-26;11542;588;137306;882;2.3;0.0
75;2021-01-27;12178;853;149484;1735;2.5;0.0
75;2021-01-28;12872;3075;162356;4810;2.7;0.1
75;2021-01-29;9966;2966;172322;7776;2.9;0.1
75;2021-01-30;3375;479;175697;8255;2.9;0.1
75;2021-01-31;644;396;176341;8651;2.9;0.1
75;2021-02-01;5747;2813;182088;11464;3.0;0.2
75;2021-02-02;9511;4853;191599;16317;3.2;0.3
75;2021-02-03;9566;4395;201165;20712;3.4;0.3
75;2021-02-04;10667;6124;211832;26836;3.5;0.4
75;2021-02-05;7452;5457;219284;32293;3.7;0.5
75;2021-02-06;2365;879;221649;33172;3.7;0.6
75;2021-02-07;670;222;222319;33394;3.7;0.6
75;2021-02-08;5110;3862;227429;37256;3.8;0.6
75;2021-02-09;7269;9339;234698;46595;3.9;0.8
75;2021-02-10;7543;9353;242241;55948;4.0;0.9
75;2021-02-11;8722;11693;250963;67641;4.2;1.1
75;2021-02-12;7321;8146;258284;75787;4.3;1.3
75;2021-02-13;1903;1665;260187;77452;4.3;1.3
75;2021-02-14;272;308;260459;77760;4.3;1.3
75;2021-02-15;3198;7182;263657;84942;4.4;1.4
75;2021-02-16;4576;10257;268233;95199;4.5;1.6
75;2021-02-17;4577;11297;272810;106496;4.5;1.8
75;2021-02-18;5204;12999;278014;119495;4.6;2.0
75;2021-02-19;5281;9156;283295;128651;4.7;2.1
75;2021-02-20;976;2604;284271;131255;4.7;2.2
75;2021-02-21;180;558;284451;131813;4.7;2.2
75;2021-02-22;3539;7687;287990;139500;4.8;2.3
75;2021-02-23;5117;10653;293107;150153;4.9;2.5
75;2021-02-24;5876;10209;298983;160362;5.0;2.7
75;2021-02-25;9597;11511;308580;171873;5.1;2.9
75;2021-02-26;11786;8068;320366;179941;5.3;3.0
75;2021-02-27;5693;2395;326059;182336;5.4;3.0
75;2021-02-28;306;567;326365;182903;5.4;3.0
75;2021-03-01;4858;6498;331223;189401;5.5;3.2
75;2021-03-02;9042;7829;340265;197230;5.7;3.3
75;2021-03-03;10541;7583;350806;204813;5.8;3.4
75;2021-03-04;16018;8086;366824;212899;6.1;3.5
75;2021-03-05;20269;6694;387093;219593;6.5;3.7
75;2021-03-06;13168;1936;400261;221529;6.7;3.7
75;2021-03-07;3609;258;403870;221787;6.7;3.7
75;2021-03-08;9702;5112;413572;226899;6.9;3.8
75;2021-03-09;16368;6263;429940;233162;7.2;3.9
75;2021-03-10;17499;5958;447439;239120;7.5;4.0
75;2021-03-11;25284;5977;472723;245097;7.9;4.1
76;2020-12-31;1;0;1;0;0.0;0.0
76;2021-01-01;3;0;4;0;0.0;0.0
76;2021-01-02;2;0;6;0;0.0;0.0
76;2021-01-03;1;0;7;0;0.0;0.0
76;2021-01-04;58;0;65;0;0.0;0.0
76;2021-01-05;471;0;536;0;0.0;0.0
76;2021-01-06;777;0;1313;0;0.0;0.0
76;2021-01-07;2523;0;3836;0;0.1;0.0
76;2021-01-08;3164;0;7000;0;0.1;0.0
76;2021-01-09;1523;0;8523;0;0.1;0.0
76;2021-01-10;515;0;9038;0;0.2;0.0
76;2021-01-11;3465;0;12503;0;0.2;0.0
76;2021-01-12;5539;0;18042;0;0.3;0.0
76;2021-01-13;6306;0;24348;0;0.4;0.0
76;2021-01-14;8864;0;33212;0;0.6;0.0
76;2021-01-15;7113;0;40325;0;0.7;0.0
76;2021-01-16;1944;78;42269;78;0.7;0.0
76;2021-01-17;704;0;42973;78;0.7;0.0
76;2021-01-18;7573;2;50546;80;0.9;0.0
76;2021-01-19;11076;1;61622;81;1.0;0.0
76;2021-01-20;13497;1;75119;82;1.3;0.0
76;2021-01-21;16429;0;91548;82;1.5;0.0
76;2021-01-22;11624;4;103172;86;1.7;0.0
76;2021-01-23;3869;4;107041;90;1.8;0.0
76;2021-01-24;742;9;107783;99;1.8;0.0
76;2021-01-25;7758;76;115541;175;2.0;0.0
76;2021-01-26;10228;279;125769;454;2.1;0.0
76;2021-01-27;10666;548;136435;1002;2.3;0.0
76;2021-01-28;10007;1975;146442;2977;2.5;0.1
76;2021-01-29;7920;2237;154362;5214;2.6;0.1
76;2021-01-30;3177;705;157539;5919;2.7;0.1
76;2021-01-31;513;251;158052;6170;2.7;0.1
76;2021-02-01;5760;2636;163812;8806;2.8;0.1
76;2021-02-02;9884;4263;173696;13069;2.9;0.2
76;2021-02-03;9409;4414;183105;17483;3.1;0.3
76;2021-02-04;9936;6441;193041;23924;3.3;0.4
76;2021-02-05;7663;5053;200704;28977;3.4;0.5
76;2021-02-06;2674;948;203378;29925;3.4;0.5
76;2021-02-07;527;364;203905;30289;3.4;0.5
76;2021-02-08;4775;4282;208680;34571;3.5;0.6
76;2021-02-09;6180;7187;214860;41758;3.6;0.7
76;2021-02-10;7009;9733;221869;51491;3.7;0.9
76;2021-02-11;8872;11800;230741;63291;3.9;1.1
76;2021-02-12;7808;7545;238549;70836;4.0;1.2
76;2021-02-13;2609;2167;241158;73003;4.1;1.2
76;2021-02-14;344;771;241502;73774;4.1;1.2
76;2021-02-15;3261;5963;244763;79737;4.1;1.3
76;2021-02-16;4103;8533;248866;88270;4.2;1.5
76;2021-02-17;4242;9712;253108;97982;4.3;1.7
76;2021-02-18;5736;9628;258844;107610;4.4;1.8
76;2021-02-19;4732;7869;263576;115479;4.4;1.9
76;2021-02-20;1516;2869;265092;118348;4.5;2.0
76;2021-02-21;256;528;265348;118876;4.5;2.0
76;2021-02-22;3214;7263;268562;126139;4.5;2.1
76;2021-02-23;4763;10522;273325;136661;4.6;2.3
76;2021-02-24;4466;10392;277791;147053;4.7;2.5
76;2021-02-25;7997;9723;285788;156776;4.8;2.6
76;2021-02-26;9308;7953;295096;164729;5.0;2.8
76;2021-02-27;3584;2933;298680;167662;5.0;2.8
76;2021-02-28;420;332;299100;167994;5.0;2.8
76;2021-03-01;5089;5976;304189;173970;5.1;2.9
76;2021-03-02;8006;7178;312195;181148;5.3;3.1
76;2021-03-03;8944;7078;321139;188226;5.4;3.2
76;2021-03-04;13641;7929;334780;196155;5.7;3.3
76;2021-03-05;16390;6588;351170;202743;5.9;3.4
76;2021-03-06;15516;1922;366686;204665;6.2;3.5
76;2021-03-07;11113;218;377799;204883;6.4;3.5
76;2021-03-08;9693;5150;387492;210033;6.5;3.5
76;2021-03-09;15730;5920;403222;215953;6.8;3.6
76;2021-03-10;15960;5929;419182;221882;7.1;3.7
76;2021-03-11;21675;5794;440857;227676;7.4;3.8
84;2020-12-28;6;0;6;0;0.0;0.0
84;2020-12-29;5;0;11;0;0.0;0.0
84;2020-12-30;5;0;16;0;0.0;0.0
84;2020-12-31;12;0;28;0;0.0;0.0
84;2021-01-01;7;0;35;0;0.0;0.0
84;2021-01-02;1;0;36;0;0.0;0.0
84;2021-01-04;173;0;209;0;0.0;0.0
84;2021-01-05;451;0;660;0;0.0;0.0
84;2021-01-06;1125;0;1785;0;0.0;0.0
84;2021-01-07;2763;0;4548;0;0.1;0.0
84;2021-01-08;3024;0;7572;0;0.1;0.0
84;2021-01-09;505;0;8077;0;0.1;0.0
84;2021-01-10;159;0;8236;0;0.1;0.0
84;2021-01-11;4139;0;12375;0;0.2;0.0
84;2021-01-12;6203;0;18578;0;0.2;0.0
84;2021-01-13;6720;0;25298;0;0.3;0.0
84;2021-01-14;8842;0;34140;0;0.4;0.0
84;2021-01-15;7600;0;41740;0;0.5;0.0
84;2021-01-16;2934;39;44674;39;0.6;0.0
84;2021-01-17;915;0;45589;39;0.6;0.0
84;2021-01-18;8797;7;54386;46;0.7;0.0
84;2021-01-19;14787;7;69173;53;0.9;0.0
84;2021-01-20;15256;6;84429;59;1.1;0.0
84;2021-01-21;14325;7;98754;66;1.2;0.0
84;2021-01-22;12282;5;111036;71;1.4;0.0
84;2021-01-23;4735;0;115771;71;1.4;0.0
84;2021-01-24;808;0;116579;71;1.5;0.0
84;2021-01-25;8717;152;125296;223;1.6;0.0
84;2021-01-26;11778;357;137074;580;1.7;0.0
84;2021-01-27;11909;684;148983;1264;1.9;0.0
84;2021-01-28;13473;1822;162456;3086;2.0;0.0
84;2021-01-29;10687;1463;173143;4549;2.2;0.1
84;2021-01-30;4125;300;177268;4849;2.2;0.1
84;2021-01-31;498;1;177766;4850;2.2;0.1
84;2021-02-01;6494;2033;184260;6883;2.3;0.1
84;2021-02-02;10440;3778;194700;10661;2.4;0.1
84;2021-02-03;11276;4267;205976;14928;2.6;0.2
84;2021-02-04;12201;6079;218177;21007;2.7;0.3
84;2021-02-05;8465;4876;226642;25883;2.8;0.3
84;2021-02-06;2625;1042;229267;26925;2.9;0.3
84;2021-02-07;451;429;229718;27354;2.9;0.3
84;2021-02-08;6160;4810;235878;32164;2.9;0.4
84;2021-02-09;9220;9132;245098;41296;3.1;0.5
84;2021-02-10;9423;9442;254521;50738;3.2;0.6
84;2021-02-11;10465;10414;264986;61152;3.3;0.8
84;2021-02-12;9411;8090;274397;69242;3.4;0.9
84;2021-02-13;3450;2226;277847;71468;3.5;0.9
84;2021-02-14;611;363;278458;71831;3.5;0.9
84;2021-02-15;4696;8517;283154;80348;3.5;1.0
84;2021-02-16;5894;10587;289048;90935;3.6;1.1
84;2021-02-17;5801;11391;294849;102326;3.7;1.3
84;2021-02-18;6642;11971;301491;114297;3.8;1.4
84;2021-02-19;6375;8938;307866;123235;3.8;1.5
84;2021-02-20;1692;3286;309558;126521;3.9;1.6
84;2021-02-21;175;457;309733;126978;3.9;1.6
84;2021-02-22;4104;8704;313837;135682;3.9;1.7
84;2021-02-23;6811;11747;320648;147429;4.0;1.8
84;2021-02-24;7116;12160;327764;159589;4.1;2.0
84;2021-02-25;11887;13518;339651;173107;4.2;2.2
84;2021-02-26;14093;8873;353744;181980;4.4;2.3
84;2021-02-27;5348;2851;359092;184831;4.5;2.3
84;2021-02-28;447;255;359539;185086;4.5;2.3
84;2021-03-01;8691;6191;368230;191277;4.6;2.4
84;2021-03-02;14288;8032;382518;199309;4.8;2.5
84;2021-03-03;14297;7697;396815;207006;4.9;2.6
84;2021-03-04;19931;7594;416746;214600;5.2;2.7
84;2021-03-05;25009;6351;441755;220951;5.5;2.8
84;2021-03-06;18826;2054;460581;223005;5.7;2.8
84;2021-03-07;7948;119;468529;223124;5.8;2.8
84;2021-03-08;11674;5893;480203;229017;6.0;2.9
84;2021-03-09;19827;6272;500030;235289;6.2;2.9
84;2021-03-10;19245;6068;519275;241357;6.5;3.0
84;2021-03-11;27279;6145;546554;247502;6.8;3.1
93;2020-12-30;3;0;3;0;0.0;0.0
93;2020-12-31;19;0;22;0;0.0;0.0
93;2021-01-01;9;0;31;0;0.0;0.0
93;2021-01-02;2;0;33;0;0.0;0.0
93;2021-01-03;1;0;34;0;0.0;0.0
93;2021-01-04;131;0;165;0;0.0;0.0
93;2021-01-05;239;0;404;0;0.0;0.0
93;2021-01-06;403;0;807;0;0.0;0.0
93;2021-01-07;1234;0;2041;0;0.0;0.0
93;2021-01-08;1558;0;3599;0;0.1;0.0
93;2021-01-09;536;0;4135;0;0.1;0.0
93;2021-01-10;72;0;4207;0;0.1;0.0
93;2021-01-11;2328;0;6535;0;0.1;0.0
93;2021-01-12;4961;0;11496;0;0.2;0.0
93;2021-01-13;4314;0;15810;0;0.3;0.0
93;2021-01-14;5332;0;21142;0;0.4;0.0
93;2021-01-15;4792;0;25934;0;0.5;0.0
93;2021-01-16;1659;34;27593;34;0.5;0.0
93;2021-01-17;297;1;27890;35;0.6;0.0
93;2021-01-18;6857;3;34747;38;0.7;0.0
93;2021-01-19;13151;1;47898;39;0.9;0.0
93;2021-01-20;11894;3;59792;42;1.2;0.0
93;2021-01-21;12042;11;71834;53;1.4;0.0
93;2021-01-22;9813;1;81647;54;1.6;0.0
93;2021-01-23;3244;0;84891;54;1.7;0.0
93;2021-01-24;513;0;85404;54;1.7;0.0
93;2021-01-25;7110;64;92514;118;1.8;0.0
93;2021-01-26;9549;143;102063;261;2.0;0.0
93;2021-01-27;9087;343;111150;604;2.2;0.0
93;2021-01-28;13333;942;124483;1546;2.5;0.0
93;2021-01-29;9546;1076;134029;2622;2.7;0.1
93;2021-01-30;2205;116;136234;2738;2.7;0.1
93;2021-01-31;297;0;136531;2738;2.7;0.1
93;2021-02-01;5028;1641;141559;4379;2.8;0.1
93;2021-02-02;5997;2364;147556;6743;2.9;0.1
93;2021-02-03;4971;2040;152527;8783;3.0;0.2
93;2021-02-04;5425;3928;157952;12711;3.1;0.3
93;2021-02-05;5933;4882;163885;17593;3.2;0.3
93;2021-02-06;1225;1109;165110;18702;3.3;0.4
93;2021-02-07;276;18;165386;18720;3.3;0.4
93;2021-02-08;4266;4002;169652;22722;3.4;0.4
93;2021-02-09;5787;8084;175439;30806;3.5;0.6
93;2021-02-10;5690;6666;181129;37472;3.6;0.7
93;2021-02-11;6462;7073;187591;44545;3.7;0.9
93;2021-02-12;5508;6455;193099;51000;3.8;1.0
93;2021-02-13;1074;1638;194173;52638;3.8;1.0
93;2021-02-14;68;241;194241;52879;3.8;1.0
93;2021-02-15;2290;5728;196531;58607;3.9;1.2
93;2021-02-16;3019;7844;199550;66451;3.9;1.3
93;2021-02-17;3486;9168;203036;75619;4.0;1.5
93;2021-02-18;5447;12624;208483;88243;4.1;1.7
93;2021-02-19;5271;8582;213754;96825;4.2;1.9
93;2021-02-20;782;1904;214536;98729;4.2;2.0
93;2021-02-21;69;321;214605;99050;4.2;2.0
93;2021-02-22;2677;6085;217282;105135;4.3;2.1
93;2021-02-23;3314;6265;220596;111400;4.4;2.2
93;2021-02-24;3970;6247;224566;117647;4.4;2.3
93;2021-02-25;7535;6031;232101;123678;4.6;2.4
93;2021-02-26;7751;5388;239852;129066;4.7;2.6
93;2021-02-27;2768;1244;242620;130310;4.8;2.6
93;2021-02-28;299;207;242919;130517;4.8;2.6
93;2021-03-01;4708;4279;247627;134796;4.9;2.7
93;2021-03-02;6612;5564;254239;140360;5.0;2.8
93;2021-03-03;8068;6016;262307;146376;5.2;2.9
93;2021-03-04;10426;6640;272733;153016;5.4;3.0
93;2021-03-05;11205;5356;283938;158372;5.6;3.1
93;2021-03-06;17992;996;301930;159368;6.0;3.2
93;2021-03-07;12393;121;314323;159489;6.2;3.2
93;2021-03-08;8483;3993;322806;163482;6.4;3.2
93;2021-03-09;11926;4526;334732;168008;6.6;3.3
93;2021-03-10;12280;4500;347012;172508;6.9;3.4
93;2021-03-11;17459;5151;364471;177659;7.2;3.5
94;2021-01-04;2;0;2;0;0.0;0.0
94;2021-01-06;53;0;55;0;0.0;0.0
94;2021-01-07;330;0;385;0;0.1;0.0
94;2021-01-08;309;0;694;0;0.2;0.0
94;2021-01-09;76;0;770;0;0.2;0.0
94;2021-01-10;34;0;804;0;0.2;0.0
94;2021-01-11;151;0;955;0;0.3;0.0
94;2021-01-12;206;0;1161;0;0.3;0.0
94;2021-01-13;203;0;1364;0;0.4;0.0
94;2021-01-14;263;0;1627;0;0.5;0.0
94;2021-01-15;380;0;2007;0;0.6;0.0
94;2021-01-16;197;2;2204;2;0.6;0.0
94;2021-01-17;89;0;2293;2;0.7;0.0
94;2021-01-18;470;0;2763;2;0.8;0.0
94;2021-01-19;980;0;3743;2;1.1;0.0
94;2021-01-20;804;0;4547;2;1.3;0.0
94;2021-01-21;806;0;5353;2;1.6;0.0
94;2021-01-22;704;0;6057;2;1.8;0.0
94;2021-01-23;243;1;6300;3;1.8;0.0
94;2021-01-24;146;0;6446;3;1.9;0.0
94;2021-01-25;422;1;6868;4;2.0;0.0
94;2021-01-26;788;5;7656;9;2.2;0.0
94;2021-01-27;663;56;8319;65;2.4;0.0
94;2021-01-28;702;241;9021;306;2.6;0.1
94;2021-01-29;608;248;9629;554;2.8;0.2
94;2021-01-30;204;75;9833;629;2.9;0.2
94;2021-01-31;149;7;9982;636;2.9;0.2
94;2021-02-01;454;170;10436;806;3.0;0.2
94;2021-02-02;642;167;11078;973;3.2;0.3
94;2021-02-03;780;166;11858;1139;3.4;0.3
94;2021-02-04;713;304;12571;1443;3.6;0.4
94;2021-02-05;656;238;13227;1681;3.8;0.5
94;2021-02-06;206;80;13433;1761;3.9;0.5
94;2021-02-07;126;50;13559;1811;3.9;0.5
94;2021-02-08;321;369;13880;2180;4.0;0.6
94;2021-02-09;712;621;14592;2801;4.2;0.8
94;2021-02-10;642;398;15234;3199;4.4;0.9
94;2021-02-11;677;447;15911;3646;4.6;1.1
94;2021-02-12;641;400;16552;4046;4.8;1.2
94;2021-02-13;291;74;16843;4120;4.9;1.2
94;2021-02-14;193;74;17036;4194;4.9;1.2
94;2021-02-15;376;278;17412;4472;5.1;1.3
94;2021-02-16;633;601;18045;5073;5.2;1.5
94;2021-02-17;584;451;18629;5524;5.4;1.6
94;2021-02-18;544;542;19173;6066;5.6;1.8
94;2021-02-19;291;592;19464;6658;5.6;1.9
94;2021-02-20;275;192;19739;6850;5.7;2.0
94;2021-02-21;55;84;19794;6934;5.7;2.0
94;2021-02-22;211;396;20005;7330;5.8;2.1
94;2021-02-23;350;642;20355;7972;5.9;2.3
94;2021-02-24;294;595;20649;8567;6.0;2.5
94;2021-02-25;347;606;20996;9173;6.1;2.7
94;2021-02-26;413;550;21409;9723;6.2;2.8
94;2021-02-27;367;151;21776;9874;6.3;2.9
94;2021-02-28;68;123;21844;9997;6.3;2.9
94;2021-03-01;346;423;22190;10420;6.4;3.0
94;2021-03-02;543;648;22733;11068;6.6;3.2
94;2021-03-03;518;683;23251;11751;6.7;3.4
94;2021-03-04;938;639;24189;12390;7.0;3.6
94;2021-03-05;1549;608;25738;12998;7.5;3.8
94;2021-03-06;1793;150;27531;13148;8.0;3.8
94;2021-03-07;1349;96;28880;13244;8.4;3.8
94;2021-03-08;1217;316;30097;13560;8.7;3.9
94;2021-03-09;1249;636;31346;14196;9.1;4.1
94;2021-03-10;1207;564;32553;14760;9.4;4.3
94;2021-03-11;1265;609;33818;15369;9.8;4.5
