reg;jour;n_dose1;n_dose2;n_cum_dose1;n_cum_dose2;couv_dose1;couv_dose2
01;2021-01-08;1;0;1;0;0.0;0.0
01;2021-01-09;2;0;3;0;0.0;0.0
01;2021-01-12;20;0;23;0;0.0;0.0
01;2021-01-13;17;0;40;0;0.0;0.0
01;2021-01-14;35;0;75;0;0.0;0.0
01;2021-01-15;31;0;106;0;0.0;0.0
01;2021-01-18;62;0;168;0;0.0;0.0
01;2021-01-19;104;0;272;0;0.1;0.0
01;2021-01-20;64;0;336;0;0.1;0.0
01;2021-01-21;95;0;431;0;0.1;0.0
01;2021-01-22;54;0;485;0;0.1;0.0
01;2021-01-25;83;0;568;0;0.2;0.0
01;2021-01-26;99;1;667;1;0.2;0.0
01;2021-01-27;200;0;867;1;0.2;0.0
01;2021-01-28;107;2;974;3;0.3;0.0
01;2021-01-29;92;1;1066;4;0.3;0.0
01;2021-01-30;2;0;1068;4;0.3;0.0
01;2021-02-01;94;5;1162;9;0.3;0.0
01;2021-02-02;140;24;1302;33;0.3;0.0
01;2021-02-03;132;7;1434;40;0.4;0.0
01;2021-02-04;129;25;1563;65;0.4;0.0
01;2021-02-05;148;28;1711;93;0.5;0.0
01;2021-02-06;1;0;1712;93;0.5;0.0
01;2021-02-08;105;20;1817;113;0.5;0.0
01;2021-02-09;205;37;2022;150;0.5;0.0
01;2021-02-10;130;40;2152;190;0.6;0.1
01;2021-02-11;168;108;2320;298;0.6;0.1
01;2021-02-12;212;37;2532;335;0.7;0.1
01;2021-02-13;0;9;2532;344;0.7;0.1
01;2021-02-14;12;32;2544;376;0.7;0.1
01;2021-02-15;92;31;2636;407;0.7;0.1
01;2021-02-16;13;0;2649;407;0.7;0.1
01;2021-02-18;126;36;2775;443;0.7;0.1
01;2021-02-19;173;58;2948;501;0.8;0.1
01;2021-02-22;102;47;3050;548;0.8;0.1
01;2021-02-23;154;86;3204;634;0.9;0.2
01;2021-02-24;193;110;3397;744;0.9;0.2
01;2021-02-25;152;75;3549;819;0.9;0.2
01;2021-02-26;92;97;3641;916;1.0;0.2
01;2021-03-01;51;83;3692;999;1.0;0.3
01;2021-03-02;156;135;3848;1134;1.0;0.3
01;2021-03-03;53;103;3901;1237;1.0;0.3
01;2021-03-04;101;84;4002;1321;1.1;0.4
01;2021-03-05;187;120;4189;1441;1.1;0.4
01;2021-03-06;74;0;4263;1441;1.1;0.4
01;2021-03-08;65;104;4328;1545;1.1;0.4
01;2021-03-09;156;167;4484;1712;1.2;0.5
01;2021-03-10;148;138;4632;1850;1.2;0.5
02;2021-01-06;5;0;5;0;0.0;0.0
02;2021-01-07;31;0;36;0;0.0;0.0
02;2021-01-08;79;0;115;0;0.0;0.0
02;2021-01-09;20;0;135;0;0.0;0.0
02;2021-01-11;117;0;252;0;0.1;0.0
02;2021-01-12;78;0;330;0;0.1;0.0
02;2021-01-13;64;0;394;0;0.1;0.0
02;2021-01-14;81;0;475;0;0.1;0.0
02;2021-01-15;130;0;605;0;0.2;0.0
02;2021-01-16;51;1;656;1;0.2;0.0
02;2021-01-18;157;0;813;1;0.2;0.0
02;2021-01-19;140;0;953;1;0.3;0.0
02;2021-01-20;163;0;1116;1;0.3;0.0
02;2021-01-21;181;0;1297;1;0.4;0.0
02;2021-01-22;156;0;1453;1;0.4;0.0
02;2021-01-23;58;0;1511;1;0.4;0.0
02;2021-01-25;156;0;1667;1;0.5;0.0
02;2021-01-26;132;0;1799;1;0.5;0.0
02;2021-01-27;158;6;1957;7;0.5;0.0
02;2021-01-28;143;24;2100;31;0.6;0.0
02;2021-01-29;143;57;2243;88;0.6;0.0
02;2021-01-30;95;16;2338;104;0.7;0.0
02;2021-02-01;114;105;2452;209;0.7;0.1
02;2021-02-02;183;81;2635;290;0.7;0.1
02;2021-02-03;127;69;2762;359;0.8;0.1
02;2021-02-04;156;61;2918;420;0.8;0.1
02;2021-02-05;120;87;3038;507;0.8;0.1
02;2021-02-06;62;25;3100;532;0.9;0.1
02;2021-02-07;1;0;3101;532;0.9;0.1
02;2021-02-08;135;93;3236;625;0.9;0.2
02;2021-02-09;172;70;3408;695;0.9;0.2
02;2021-02-10;138;89;3546;784;1.0;0.2
02;2021-02-11;131;108;3677;892;1.0;0.2
02;2021-02-12;122;124;3799;1016;1.1;0.3
02;2021-02-13;32;38;3831;1054;1.1;0.3
02;2021-02-15;43;63;3874;1117;1.1;0.3
02;2021-02-17;0;1;3874;1118;1.1;0.3
02;2021-02-18;64;129;3938;1247;1.1;0.3
02;2021-02-19;69;126;4007;1373;1.1;0.4
02;2021-02-20;48;68;4055;1441;1.1;0.4
02;2021-02-22;96;134;4151;1575;1.2;0.4
02;2021-02-23;112;219;4263;1794;1.2;0.5
02;2021-02-24;93;169;4356;1963;1.2;0.5
02;2021-02-25;78;149;4434;2112;1.2;0.6
02;2021-02-26;111;164;4545;2276;1.3;0.6
02;2021-02-27;68;51;4613;2327;1.3;0.6
02;2021-03-01;137;137;4750;2464;1.3;0.7
02;2021-03-02;155;114;4905;2578;1.4;0.7
02;2021-03-03;176;102;5081;2680;1.4;0.7
02;2021-03-04;141;122;5222;2802;1.5;0.8
02;2021-03-05;230;115;5452;2917;1.5;0.8
02;2021-03-06;116;59;5568;2976;1.6;0.8
02;2021-03-07;95;0;5663;2976;1.6;0.8
02;2021-03-08;189;124;5852;3100;1.6;0.9
02;2021-03-09;272;121;6124;3221;1.7;0.9
02;2021-03-10;301;117;6425;3338;1.8;0.9
03;2021-01-13;30;0;30;0;0.0;0.0
03;2021-01-14;46;0;76;0;0.0;0.0
03;2021-01-15;34;0;110;0;0.0;0.0
03;2021-01-16;18;0;128;0;0.0;0.0
03;2021-01-18;61;0;189;0;0.1;0.0
03;2021-01-19;142;0;331;0;0.1;0.0
03;2021-01-20;132;0;463;0;0.2;0.0
03;2021-01-21;116;0;579;0;0.2;0.0
03;2021-01-22;75;0;654;0;0.2;0.0
03;2021-01-25;56;0;710;0;0.2;0.0
03;2021-01-26;98;0;808;0;0.3;0.0
03;2021-01-27;109;0;917;0;0.3;0.0
03;2021-01-28;96;2;1013;2;0.3;0.0
03;2021-01-29;103;2;1116;4;0.4;0.0
03;2021-02-01;54;0;1170;4;0.4;0.0
03;2021-02-02;122;4;1292;8;0.4;0.0
03;2021-02-03;113;18;1405;26;0.5;0.0
03;2021-02-04;79;37;1484;63;0.5;0.0
03;2021-02-05;55;7;1539;70;0.5;0.0
03;2021-02-08;50;12;1589;82;0.5;0.0
03;2021-02-09;91;38;1680;120;0.6;0.0
03;2021-02-10;98;76;1778;196;0.6;0.1
03;2021-02-11;82;71;1860;267;0.6;0.1
03;2021-02-12;65;43;1925;310;0.7;0.1
03;2021-02-15;26;63;1951;373;0.7;0.1
03;2021-02-16;118;50;2069;423;0.7;0.1
03;2021-02-17;133;123;2202;546;0.8;0.2
03;2021-02-18;100;140;2302;686;0.8;0.2
03;2021-02-19;119;72;2421;758;0.8;0.3
03;2021-02-22;78;48;2499;806;0.9;0.3
03;2021-02-23;152;93;2651;899;0.9;0.3
03;2021-02-24;182;119;2833;1018;1.0;0.4
03;2021-02-25;252;89;3085;1107;1.1;0.4
03;2021-02-26;249;67;3334;1174;1.1;0.4
03;2021-02-27;112;1;3446;1175;1.2;0.4
03;2021-03-01;173;87;3619;1262;1.2;0.4
03;2021-03-02;243;104;3862;1366;1.3;0.5
03;2021-03-03;249;119;4111;1485;1.4;0.5
03;2021-03-04;260;69;4371;1554;1.5;0.5
03;2021-03-05;238;45;4609;1599;1.6;0.6
03;2021-03-06;115;0;4724;1599;1.6;0.6
03;2021-03-08;184;33;4908;1632;1.7;0.6
03;2021-03-09;275;72;5183;1704;1.8;0.6
03;2021-03-10;256;94;5439;1798;1.9;0.6
04;2021-01-01;1;0;1;0;0.0;0.0
04;2021-01-05;2;0;3;0;0.0;0.0
04;2021-01-09;1;0;4;0;0.0;0.0
04;2021-01-15;313;0;317;0;0.0;0.0
04;2021-01-16;26;0;343;0;0.0;0.0
04;2021-01-18;49;0;392;0;0.0;0.0
04;2021-01-19;393;0;785;0;0.1;0.0
04;2021-01-20;439;0;1224;0;0.1;0.0
04;2021-01-21;605;0;1829;0;0.2;0.0
04;2021-01-22;409;0;2238;0;0.3;0.0
04;2021-01-23;75;0;2313;0;0.3;0.0
04;2021-01-25;271;0;2584;0;0.3;0.0
04;2021-01-26;429;0;3013;0;0.4;0.0
04;2021-01-27;317;0;3330;0;0.4;0.0
04;2021-01-28;404;0;3734;0;0.4;0.0
04;2021-01-29;420;2;4154;2;0.5;0.0
04;2021-01-30;418;0;4572;2;0.5;0.0
04;2021-02-01;372;4;4944;6;0.6;0.0
04;2021-02-02;496;3;5440;9;0.6;0.0
04;2021-02-03;577;13;6017;22;0.7;0.0
04;2021-02-04;604;17;6621;39;0.8;0.0
04;2021-02-05;561;239;7182;278;0.8;0.0
04;2021-02-06;498;3;7680;281;0.9;0.0
04;2021-02-08;464;31;8144;312;0.9;0.0
04;2021-02-09;769;112;8913;424;1.0;0.0
04;2021-02-10;716;93;9629;517;1.1;0.1
04;2021-02-11;753;107;10382;624;1.2;0.1
04;2021-02-12;633;78;11015;702;1.3;0.1
04;2021-02-13;538;19;11553;721;1.3;0.1
04;2021-02-14;1;0;11554;721;1.3;0.1
04;2021-02-15;520;152;12074;873;1.4;0.1
04;2021-02-16;619;493;12693;1366;1.5;0.2
04;2021-02-17;525;368;13218;1734;1.5;0.2
04;2021-02-18;478;471;13696;2205;1.6;0.3
04;2021-02-19;498;283;14194;2488;1.7;0.3
04;2021-02-20;572;105;14766;2593;1.7;0.3
04;2021-02-22;400;231;15166;2824;1.8;0.3
04;2021-02-23;603;236;15769;3060;1.8;0.4
04;2021-02-24;560;269;16329;3329;1.9;0.4
04;2021-02-25;622;303;16951;3632;2.0;0.4
04;2021-02-26;454;441;17405;4073;2.0;0.5
04;2021-02-27;342;402;17747;4475;2.1;0.5
04;2021-03-01;279;408;18026;4883;2.1;0.6
04;2021-03-02;459;609;18485;5492;2.1;0.6
04;2021-03-03;724;642;19209;6134;2.2;0.7
04;2021-03-04;731;598;19940;6732;2.3;0.8
04;2021-03-05;716;486;20656;7218;2.4;0.8
04;2021-03-06;805;425;21461;7643;2.5;0.9
04;2021-03-08;425;483;21886;8126;2.5;0.9
04;2021-03-09;609;664;22495;8790;2.6;1.0
04;2021-03-10;602;660;23097;9450;2.7;1.1
06;2021-01-11;9;0;9;0;0.0;0.0
06;2021-01-23;1;0;10;0;0.0;0.0
06;2021-01-25;133;0;143;0;0.1;0.0
06;2021-01-26;155;1;298;1;0.1;0.0
06;2021-01-27;234;0;532;1;0.2;0.0
06;2021-01-28;92;0;624;1;0.2;0.0
06;2021-01-29;222;1;846;2;0.3;0.0
06;2021-01-30;283;0;1129;2;0.4;0.0
06;2021-01-31;1;0;1130;2;0.4;0.0
06;2021-02-01;100;2;1230;4;0.4;0.0
06;2021-02-02;327;0;1557;4;0.6;0.0
06;2021-02-03;214;0;1771;4;0.6;0.0
06;2021-02-04;213;0;1984;4;0.7;0.0
06;2021-02-05;211;0;2195;4;0.8;0.0
06;2021-02-06;82;0;2277;4;0.8;0.0
06;2021-02-08;72;2;2349;6;0.8;0.0
06;2021-02-09;156;2;2505;8;0.9;0.0
06;2021-02-10;150;0;2655;8;1.0;0.0
06;2021-02-11;217;0;2872;8;1.0;0.0
06;2021-02-12;265;1;3137;9;1.1;0.0
06;2021-02-13;55;0;3192;9;1.1;0.0
06;2021-02-15;257;1;3449;10;1.2;0.0
06;2021-02-16;246;7;3695;17;1.3;0.0
06;2021-02-17;165;0;3860;17;1.4;0.0
06;2021-02-18;163;3;4023;20;1.4;0.0
06;2021-02-19;223;7;4246;27;1.5;0.0
06;2021-02-20;134;4;4380;31;1.6;0.0
06;2021-02-22;107;153;4487;184;1.6;0.1
06;2021-02-23;174;163;4661;347;1.7;0.1
06;2021-02-24;163;116;4824;463;1.7;0.2
06;2021-02-25;180;211;5004;674;1.8;0.2
06;2021-02-26;226;263;5230;937;1.9;0.3
06;2021-03-01;129;242;5359;1179;1.9;0.4
06;2021-03-02;194;253;5553;1432;2.0;0.5
06;2021-03-03;159;115;5712;1547;2.0;0.6
06;2021-03-04;174;83;5886;1630;2.1;0.6
06;2021-03-05;98;61;5984;1691;2.1;0.6
06;2021-03-08;120;24;6104;1715;2.2;0.6
06;2021-03-09;315;31;6419;1746;2.3;0.6
06;2021-03-10;106;122;6525;1868;2.3;0.7
07;2021-01-15;1;0;1;0;0.0;0.0
07;2021-01-21;2;0;3;0;0.0;0.0
07;2021-01-28;1;0;4;0;0.0;0.0
07;2021-02-03;7;0;11;0;0.1;0.0
07;2021-02-04;12;0;23;0;0.2;0.0
07;2021-02-05;10;2;33;2;0.3;0.0
07;2021-02-08;9;0;42;2;0.4;0.0
07;2021-02-09;25;0;67;2;0.7;0.0
07;2021-02-10;18;0;85;2;0.9;0.0
07;2021-02-11;31;0;116;2;1.2;0.0
07;2021-02-12;21;0;137;2;1.4;0.0
07;2021-02-16;1;0;138;2;1.4;0.0
07;2021-02-17;0;1;138;3;1.4;0.0
07;2021-02-18;17;2;155;5;1.6;0.1
07;2021-02-19;22;0;177;5;1.8;0.1
07;2021-02-24;20;0;197;5;2.0;0.1
07;2021-02-25;13;10;210;15;2.1;0.2
07;2021-02-26;20;10;230;25;2.3;0.3
07;2021-03-02;14;13;244;38;2.4;0.4
07;2021-03-03;27;0;271;38;2.7;0.4
07;2021-03-04;25;20;296;58;3.0;0.6
07;2021-03-05;17;9;313;67;3.1;0.7
07;2021-03-08;1;0;314;67;3.2;0.7
07;2021-03-09;1;0;315;67;3.2;0.7
07;2021-03-10;0;9;315;76;3.2;0.8
08;2021-02-02;3;0;3;0;0.0;0.0
08;2021-02-04;28;0;31;0;0.1;0.0
08;2021-02-09;2;0;33;0;0.1;0.0
08;2021-02-10;2;0;35;0;0.1;0.0
08;2021-02-19;1;0;36;0;0.1;0.0
08;2021-02-22;1;0;37;0;0.1;0.0
08;2021-02-23;3;0;40;0;0.1;0.0
08;2021-02-25;37;3;77;3;0.2;0.0
08;2021-02-26;32;4;109;7;0.3;0.0
08;2021-03-01;44;2;153;9;0.4;0.0
08;2021-03-02;5;41;158;50;0.4;0.1
08;2021-03-03;32;14;190;64;0.5;0.2
08;2021-03-04;25;20;215;84;0.6;0.2
08;2021-03-05;33;9;248;93;0.7;0.3
08;2021-03-08;29;7;277;100;0.8;0.3
08;2021-03-09;19;29;296;129;0.8;0.4
08;2021-03-10;21;25;317;154;0.9;0.4
11;2020-12-27;10;0;10;0;0.0;0.0
11;2020-12-28;2;0;12;0;0.0;0.0
11;2020-12-29;55;0;67;0;0.0;0.0
11;2020-12-30;78;0;145;0;0.0;0.0
11;2020-12-31;36;0;181;0;0.0;0.0
11;2021-01-01;20;0;201;0;0.0;0.0
11;2021-01-02;57;0;258;0;0.0;0.0
11;2021-01-03;76;0;334;0;0.0;0.0
11;2021-01-04;540;0;874;0;0.0;0.0
11;2021-01-05;1984;0;2858;0;0.0;0.0
11;2021-01-06;2905;0;5763;0;0.0;0.0
11;2021-01-07;5157;0;10920;0;0.1;0.0
11;2021-01-08;6733;0;17653;0;0.1;0.0
11;2021-01-09;1850;0;19503;0;0.2;0.0
11;2021-01-10;1718;0;21221;0;0.2;0.0
11;2021-01-11;7609;0;28830;0;0.2;0.0
11;2021-01-12;9855;0;38685;0;0.3;0.0
11;2021-01-13;9530;0;48215;0;0.4;0.0
11;2021-01-14;9723;0;57938;0;0.5;0.0
11;2021-01-15;8530;0;66468;0;0.5;0.0
11;2021-01-16;2353;81;68821;81;0.6;0.0
11;2021-01-17;1070;1;69891;82;0.6;0.0
11;2021-01-18;11991;9;81882;91;0.7;0.0
11;2021-01-19;15428;31;97310;122;0.8;0.0
11;2021-01-20;17976;21;115286;143;0.9;0.0
11;2021-01-21;21695;35;136981;178;1.1;0.0
11;2021-01-22;16639;82;153620;260;1.3;0.0
11;2021-01-23;4909;30;158529;290;1.3;0.0
11;2021-01-24;1241;54;159770;344;1.3;0.0
11;2021-01-25;8730;184;168500;528;1.4;0.0
11;2021-01-26;12162;403;180662;931;1.5;0.0
11;2021-01-27;15996;763;196658;1694;1.6;0.0
11;2021-01-28;20014;1437;216672;3131;1.8;0.0
11;2021-01-29;15154;1560;231826;4691;1.9;0.0
11;2021-01-30;4418;142;236244;4833;1.9;0.0
11;2021-01-31;581;158;236825;4991;1.9;0.0
11;2021-02-01;7298;2487;244123;7478;2.0;0.1
11;2021-02-02;8228;3889;252351;11367;2.1;0.1
11;2021-02-03;8067;4809;260418;16176;2.1;0.1
11;2021-02-04;8730;6117;269148;22293;2.2;0.2
11;2021-02-05;8849;5967;277997;28260;2.3;0.2
11;2021-02-06;3228;1453;281225;29713;2.3;0.2
11;2021-02-07;576;1351;281801;31064;2.3;0.3
11;2021-02-08;6125;7146;287926;38210;2.3;0.3
11;2021-02-09;8275;11336;296201;49546;2.4;0.4
11;2021-02-10;9876;13628;306077;63174;2.5;0.5
11;2021-02-11;11795;15458;317872;78632;2.6;0.6
11;2021-02-12;11419;10856;329291;89488;2.7;0.7
11;2021-02-13;2627;1982;331918;91470;2.7;0.7
11;2021-02-14;290;602;332208;92072;2.7;0.7
11;2021-02-15;4279;10819;336487;102891;2.7;0.8
11;2021-02-16;5419;13566;341906;116457;2.8;0.9
11;2021-02-17;5553;16579;347459;133036;2.8;1.1
11;2021-02-18;8234;20726;355693;153762;2.9;1.3
11;2021-02-19;8620;14448;364313;168210;3.0;1.4
11;2021-02-20;1604;3802;365917;172012;3.0;1.4
11;2021-02-21;389;851;366306;172863;3.0;1.4
11;2021-02-22;4059;8999;370365;181862;3.0;1.5
11;2021-02-23;4730;10002;375095;191864;3.1;1.6
11;2021-02-24;5185;9595;380280;201459;3.1;1.6
11;2021-02-25;8149;10100;388429;211559;3.2;1.7
11;2021-02-26;10780;9506;399209;221065;3.3;1.8
11;2021-02-27;4914;3164;404123;224229;3.3;1.8
11;2021-02-28;656;545;404779;224774;3.3;1.8
11;2021-03-01;8203;7401;412982;232175;3.4;1.9
11;2021-03-02;13549;8958;426531;241133;3.5;2.0
11;2021-03-03;17613;9455;444144;250588;3.6;2.0
11;2021-03-04;25836;10532;469980;261120;3.8;2.1
11;2021-03-05;34128;9622;504108;270742;4.1;2.2
11;2021-03-06;44965;2568;549073;273310;4.5;2.2
11;2021-03-07;33382;505;582455;273815;4.7;2.2
11;2021-03-08;16252;5903;598707;279718;4.9;2.3
11;2021-03-09;23112;6282;621819;286000;5.1;2.3
11;2021-03-10;23145;7019;644964;293019;5.3;2.4
24;2020-12-28;17;0;17;0;0.0;0.0
24;2020-12-29;9;0;26;0;0.0;0.0
24;2021-01-01;1;0;27;0;0.0;0.0
24;2021-01-04;24;0;51;0;0.0;0.0
24;2021-01-05;163;0;214;0;0.0;0.0
24;2021-01-06;327;0;541;0;0.0;0.0
24;2021-01-07;490;0;1031;0;0.0;0.0
24;2021-01-08;951;0;1982;0;0.1;0.0
24;2021-01-09;502;0;2484;0;0.1;0.0
24;2021-01-10;395;0;2879;0;0.1;0.0
24;2021-01-11;1278;0;4157;0;0.2;0.0
24;2021-01-12;2572;0;6729;0;0.3;0.0
24;2021-01-13;2141;0;8870;0;0.3;0.0
24;2021-01-14;2458;0;11328;0;0.4;0.0
24;2021-01-15;2056;0;13384;0;0.5;0.0
24;2021-01-16;851;55;14235;55;0.6;0.0
24;2021-01-17;312;1;14547;56;0.6;0.0
24;2021-01-18;3206;6;17753;62;0.7;0.0
24;2021-01-19;6269;17;24022;79;0.9;0.0
24;2021-01-20;7107;0;31129;79;1.2;0.0
24;2021-01-21;7350;1;38479;80;1.5;0.0
24;2021-01-22;5079;0;43558;80;1.7;0.0
24;2021-01-23;1270;1;44828;81;1.8;0.0
24;2021-01-24;225;0;45053;81;1.8;0.0
24;2021-01-25;3100;14;48153;95;1.9;0.0
24;2021-01-26;4642;94;52795;189;2.1;0.0
24;2021-01-27;5008;245;57803;434;2.3;0.0
24;2021-01-28;5595;535;63398;969;2.5;0.0
24;2021-01-29;3417;689;66815;1658;2.6;0.1
24;2021-01-30;1207;393;68022;2051;2.7;0.1
24;2021-01-31;251;348;68273;2399;2.7;0.1
24;2021-02-01;2170;973;70443;3372;2.8;0.1
24;2021-02-02;3012;2134;73455;5506;2.9;0.2
24;2021-02-03;3108;1754;76563;7260;3.0;0.3
24;2021-02-04;3226;1687;79789;8947;3.1;0.3
24;2021-02-05;2384;1271;82173;10218;3.2;0.4
24;2021-02-06;705;261;82878;10479;3.2;0.4
24;2021-02-07;134;31;83012;10510;3.2;0.4
24;2021-02-08;1968;1606;84980;12116;3.3;0.5
24;2021-02-09;3365;3716;88345;15832;3.5;0.6
24;2021-02-10;3997;4100;92342;19932;3.6;0.8
24;2021-02-11;4599;5299;96941;25231;3.8;1.0
24;2021-02-12;3436;3176;100377;28407;3.9;1.1
24;2021-02-13;834;690;101211;29097;4.0;1.1
24;2021-02-14;425;121;101636;29218;4.0;1.1
24;2021-02-15;1968;2959;103604;32177;4.0;1.3
24;2021-02-16;2764;4552;106368;36729;4.2;1.4
24;2021-02-17;2672;5140;109040;41869;4.3;1.6
24;2021-02-18;3420;5154;112460;47023;4.4;1.8
24;2021-02-19;3110;3373;115570;50396;4.5;2.0
24;2021-02-20;1283;939;116853;51335;4.6;2.0
24;2021-02-21;424;144;117277;51479;4.6;2.0
24;2021-02-22;1620;2741;118897;54220;4.6;2.1
24;2021-02-23;2324;3034;121221;57254;4.7;2.2
24;2021-02-24;2080;3307;123301;60561;4.8;2.4
24;2021-02-25;3541;3155;126842;63716;5.0;2.5
24;2021-02-26;4385;2581;131227;66297;5.1;2.6
24;2021-02-27;1863;908;133090;67205;5.2;2.6
24;2021-02-28;96;157;133186;67362;5.2;2.6
24;2021-03-01;2129;1942;135315;69304;5.3;2.7
24;2021-03-02;3375;2997;138690;72301;5.4;2.8
24;2021-03-03;3490;3473;142180;75774;5.6;3.0
24;2021-03-04;5163;3768;147343;79542;5.8;3.1
24;2021-03-05;6696;2566;154039;82108;6.0;3.2
24;2021-03-06;7288;604;161327;82712;6.3;3.2
24;2021-03-07;2230;156;163557;82868;6.4;3.2
24;2021-03-08;2620;2300;166177;85168;6.5;3.3
24;2021-03-09;5630;2647;171807;87815;6.7;3.4
24;2021-03-10;6134;3241;177941;91056;7.0;3.6
27;2020-12-27;4;0;4;0;0.0;0.0
27;2020-12-29;19;0;23;0;0.0;0.0
27;2020-12-30;20;0;43;0;0.0;0.0
27;2021-01-03;1;0;44;0;0.0;0.0
27;2021-01-04;26;0;70;0;0.0;0.0
27;2021-01-05;261;0;331;0;0.0;0.0
27;2021-01-06;713;0;1044;0;0.0;0.0
27;2021-01-07;1551;0;2595;0;0.1;0.0
27;2021-01-08;1895;0;4490;0;0.2;0.0
27;2021-01-09;687;0;5177;0;0.2;0.0
27;2021-01-10;3;0;5180;0;0.2;0.0
27;2021-01-11;2400;0;7580;0;0.3;0.0
27;2021-01-12;3706;0;11286;0;0.4;0.0
27;2021-01-13;3755;0;15041;0;0.5;0.0
27;2021-01-14;4618;0;19659;0;0.7;0.0
27;2021-01-15;3532;0;23191;0;0.8;0.0
27;2021-01-16;783;40;23974;40;0.9;0.0
27;2021-01-17;116;0;24090;40;0.9;0.0
27;2021-01-18;6202;1;30292;41;1.1;0.0
27;2021-01-19;8313;24;38605;65;1.4;0.0
27;2021-01-20;7862;20;46467;85;1.7;0.0
27;2021-01-21;9312;1;55779;86;2.0;0.0
27;2021-01-22;7631;1;63410;87;2.3;0.0
27;2021-01-23;2973;0;66383;87;2.4;0.0
27;2021-01-24;346;0;66729;87;2.4;0.0
27;2021-01-25;5204;17;71933;104;2.6;0.0
27;2021-01-26;7341;307;79274;411;2.8;0.0
27;2021-01-27;7025;622;86299;1033;3.1;0.0
27;2021-01-28;6151;1189;92450;2222;3.3;0.1
27;2021-01-29;5819;1458;98269;3680;3.5;0.1
27;2021-01-30;2466;351;100735;4031;3.6;0.1
27;2021-01-31;250;3;100985;4034;3.6;0.1
27;2021-02-01;3355;1726;104340;5760;3.7;0.2
27;2021-02-02;4044;2836;108384;8596;3.9;0.3
27;2021-02-03;3618;2952;112002;11548;4.0;0.4
27;2021-02-04;3691;3352;115693;14900;4.2;0.5
27;2021-02-05;3230;2637;118923;17537;4.3;0.6
27;2021-02-06;1602;654;120525;18191;4.3;0.7
27;2021-02-07;5;4;120530;18195;4.3;0.7
27;2021-02-08;2908;2625;123438;20820;4.4;0.7
27;2021-02-09;3007;3761;126445;24581;4.5;0.9
27;2021-02-10;3027;3885;129472;28466;4.7;1.0
27;2021-02-11;3190;5067;132662;33533;4.8;1.2
27;2021-02-12;2701;4035;135363;37568;4.9;1.3
27;2021-02-13;976;1426;136339;38994;4.9;1.4
27;2021-02-14;259;221;136598;39215;4.9;1.4
27;2021-02-15;1225;5222;137823;44437;5.0;1.6
27;2021-02-16;1484;7247;139307;51684;5.0;1.9
27;2021-02-17;1778;6750;141085;58434;5.1;2.1
27;2021-02-18;2069;6202;143154;64636;5.1;2.3
27;2021-02-19;1678;5447;144832;70083;5.2;2.5
27;2021-02-20;688;2054;145520;72137;5.2;2.6
27;2021-02-21;0;149;145520;72286;5.2;2.6
27;2021-02-22;933;4711;146453;76997;5.3;2.8
27;2021-02-23;1183;5105;147636;82102;5.3;3.0
27;2021-02-24;1446;4751;149082;86853;5.4;3.1
27;2021-02-25;2856;4805;151938;91658;5.5;3.3
27;2021-02-26;3592;3907;155530;95565;5.6;3.4
27;2021-02-27;1880;1925;157410;97490;5.7;3.5
27;2021-02-28;106;210;157516;97700;5.7;3.5
27;2021-03-01;3515;3265;161031;100965;5.8;3.6
27;2021-03-02;5200;3999;166231;104964;6.0;3.8
27;2021-03-03;5761;3500;171992;108464;6.2;3.9
27;2021-03-04;7191;3420;179183;111884;6.4;4.0
27;2021-03-05;9328;2801;188511;114685;6.8;4.1
27;2021-03-06;6217;949;194728;115634;7.0;4.2
27;2021-03-07;834;14;195562;115648;7.0;4.2
27;2021-03-08;4465;3204;200027;118852;7.2;4.3
27;2021-03-09;7885;2985;207912;121837;7.5;4.4
27;2021-03-10;8042;2530;215954;124367;7.8;4.5
28;2020-12-29;2;0;2;0;0.0;0.0
28;2020-12-31;1;0;3;0;0.0;0.0
28;2021-01-03;1;0;4;0;0.0;0.0
28;2021-01-04;16;0;20;0;0.0;0.0
28;2021-01-05;169;0;189;0;0.0;0.0
28;2021-01-06;1355;0;1544;0;0.0;0.0
28;2021-01-07;2568;0;4112;0;0.1;0.0
28;2021-01-08;3396;0;7508;0;0.2;0.0
28;2021-01-09;1326;0;8834;0;0.3;0.0
28;2021-01-10;703;0;9537;0;0.3;0.0
28;2021-01-11;3150;0;12687;0;0.4;0.0
28;2021-01-12;3899;0;16586;0;0.5;0.0
28;2021-01-13;4259;0;20845;0;0.6;0.0
28;2021-01-14;7935;0;28780;0;0.9;0.0
28;2021-01-15;6171;0;34951;0;1.1;0.0
28;2021-01-16;2082;62;37033;62;1.1;0.0
28;2021-01-17;4060;2;41093;64;1.2;0.0
28;2021-01-18;8678;2;49771;66;1.5;0.0
28;2021-01-19;7066;0;56837;66;1.7;0.0
28;2021-01-20;6486;0;63323;66;1.9;0.0
28;2021-01-21;5969;0;69292;66;2.1;0.0
28;2021-01-22;5436;1;74728;67;2.3;0.0
28;2021-01-23;2015;2;76743;69;2.3;0.0
28;2021-01-24;1443;9;78186;78;2.4;0.0
28;2021-01-25;6215;166;84401;244;2.6;0.0
28;2021-01-26;4568;491;88969;735;2.7;0.0
28;2021-01-27;4012;840;92981;1575;2.8;0.0
28;2021-01-28;3736;1021;96717;2596;2.9;0.1
28;2021-01-29;3482;1348;100199;3944;3.0;0.1
28;2021-01-30;1386;511;101585;4455;3.1;0.1
28;2021-01-31;195;123;101780;4578;3.1;0.1
28;2021-02-01;2776;1739;104556;6317;3.2;0.2
28;2021-02-02;2967;2558;107523;8875;3.3;0.3
28;2021-02-03;2940;3118;110463;11993;3.3;0.4
28;2021-02-04;3690;6223;114153;18216;3.5;0.6
28;2021-02-05;3861;4321;118014;22537;3.6;0.7
28;2021-02-06;1125;1475;119139;24012;3.6;0.7
28;2021-02-07;713;2603;119852;26615;3.6;0.8
28;2021-02-08;3782;7702;123634;34317;3.7;1.0
28;2021-02-09;3436;5702;127070;40019;3.8;1.2
28;2021-02-10;3398;4661;130468;44680;3.9;1.4
28;2021-02-11;4076;4784;134544;49464;4.1;1.5
28;2021-02-12;3941;4255;138485;53719;4.2;1.6
28;2021-02-13;1107;1585;139592;55304;4.2;1.7
28;2021-02-14;281;1307;139873;56611;4.2;1.7
28;2021-02-15;2163;6188;142036;62799;4.3;1.9
28;2021-02-16;2607;5148;144643;67947;4.4;2.1
28;2021-02-17;1914;4403;146557;72350;4.4;2.2
28;2021-02-18;2482;4012;149039;76362;4.5;2.3
28;2021-02-19;2455;3477;151494;79839;4.6;2.4
28;2021-02-20;907;1244;152401;81083;4.6;2.5
28;2021-02-21;100;299;152501;81382;4.6;2.5
28;2021-02-22;1647;3957;154148;85339;4.7;2.6
28;2021-02-23;2133;3661;156281;89000;4.7;2.7
28;2021-02-24;2328;3775;158609;92775;4.8;2.8
28;2021-02-25;4672;4211;163281;96986;4.9;2.9
28;2021-02-26;5707;3654;168988;100640;5.1;3.0
28;2021-02-27;2973;1058;171961;101698;5.2;3.1
28;2021-02-28;340;358;172301;102056;5.2;3.1
28;2021-03-01;2480;4765;174781;106821;5.3;3.2
28;2021-03-02;3821;3898;178602;110719;5.4;3.4
28;2021-03-03;4651;3075;183253;113794;5.5;3.4
28;2021-03-04;6983;2566;190236;116360;5.8;3.5
28;2021-03-05;9789;2224;200025;118584;6.1;3.6
28;2021-03-06;9634;667;209659;119251;6.3;3.6
28;2021-03-07;3744;110;213403;119361;6.5;3.6
28;2021-03-08;5677;3024;219080;122385;6.6;3.7
28;2021-03-09;9029;2659;228109;125044;6.9;3.8
28;2021-03-10;9324;2158;237433;127202;7.2;3.9
32;2020-12-28;26;0;26;0;0.0;0.0
32;2020-12-29;12;0;38;0;0.0;0.0
32;2021-01-01;1;0;39;0;0.0;0.0
32;2021-01-03;2;0;41;0;0.0;0.0
32;2021-01-04;81;0;122;0;0.0;0.0
32;2021-01-05;297;0;419;0;0.0;0.0
32;2021-01-06;785;0;1204;0;0.0;0.0
32;2021-01-07;2420;0;3624;0;0.1;0.0
32;2021-01-08;3120;0;6744;0;0.1;0.0
32;2021-01-09;955;0;7699;0;0.1;0.0
32;2021-01-10;633;0;8332;0;0.1;0.0
32;2021-01-11;3135;0;11467;0;0.2;0.0
32;2021-01-12;4737;0;16204;0;0.3;0.0
32;2021-01-13;4798;0;21002;0;0.4;0.0
32;2021-01-14;5535;0;26537;0;0.4;0.0
32;2021-01-15;5035;0;31572;0;0.5;0.0
32;2021-01-16;1631;39;33203;39;0.6;0.0
32;2021-01-17;855;0;34058;39;0.6;0.0
32;2021-01-18;7084;1;41142;40;0.7;0.0
32;2021-01-19;9770;31;50912;71;0.9;0.0
32;2021-01-20;10165;7;61077;78;1.0;0.0
32;2021-01-21;12395;6;73472;84;1.2;0.0
32;2021-01-22;9674;1;83146;85;1.4;0.0
32;2021-01-23;3354;0;86500;85;1.5;0.0
32;2021-01-24;1119;12;87619;97;1.5;0.0
32;2021-01-25;6741;122;94360;219;1.6;0.0
32;2021-01-26;7277;202;101637;421;1.7;0.0
32;2021-01-27;4789;536;106426;957;1.8;0.0
32;2021-01-28;8439;2147;114865;3104;1.9;0.1
32;2021-01-29;5273;2216;120138;5320;2.0;0.1
32;2021-01-30;507;454;120645;5774;2.0;0.1
32;2021-01-31;66;136;120711;5910;2.0;0.1
32;2021-02-01;189;2265;120900;8175;2.0;0.1
32;2021-02-02;772;3598;121672;11773;2.0;0.2
32;2021-02-03;4037;3210;125709;14983;2.1;0.3
32;2021-02-04;3666;3785;129375;18768;2.2;0.3
32;2021-02-05;1963;3542;131338;22310;2.2;0.4
32;2021-02-06;509;957;131847;23267;2.2;0.4
32;2021-02-07;533;194;132380;23461;2.2;0.4
32;2021-02-08;1852;3541;134232;27002;2.3;0.5
32;2021-02-09;2537;4441;136769;31443;2.3;0.5
32;2021-02-10;2926;5355;139695;36798;2.3;0.6
32;2021-02-11;4671;6657;144366;43455;2.4;0.7
32;2021-02-12;4905;4758;149271;48213;2.5;0.8
32;2021-02-13;924;1859;150195;50072;2.5;0.8
32;2021-02-14;115;1035;150310;51107;2.5;0.9
32;2021-02-15;3402;7164;153712;58271;2.6;1.0
32;2021-02-16;3947;8299;157659;66570;2.6;1.1
32;2021-02-17;4202;8576;161861;75146;2.7;1.3
32;2021-02-18;6680;12132;168541;87278;2.8;1.5
32;2021-02-19;6797;8065;175338;95343;2.9;1.6
32;2021-02-20;2475;2527;177813;97870;3.0;1.6
32;2021-02-21;431;347;178244;98217;3.0;1.6
32;2021-02-22;3162;5013;181406;103230;3.0;1.7
32;2021-02-23;5349;5526;186755;108756;3.1;1.8
32;2021-02-24;7243;6069;193998;114825;3.3;1.9
32;2021-02-25;12572;4390;206570;119215;3.5;2.0
32;2021-02-26;12295;2265;218865;121480;3.7;2.0
32;2021-02-27;6239;271;225104;121751;3.8;2.0
32;2021-02-28;302;111;225406;121862;3.8;2.0
32;2021-03-01;6961;373;232367;122235;3.9;2.1
32;2021-03-02;10665;547;243032;122782;4.1;2.1
32;2021-03-03;11706;818;254738;123600;4.3;2.1
32;2021-03-04;14391;1714;269129;125314;4.5;2.1
32;2021-03-05;16604;1321;285733;126635;4.8;2.1
32;2021-03-06;27078;541;312811;127176;5.2;2.1
32;2021-03-07;19208;105;332019;127281;5.6;2.1
32;2021-03-08;8526;2021;340545;129302;5.7;2.2
32;2021-03-09;13670;2655;354215;131957;5.9;2.2
32;2021-03-10;14987;2733;369202;134690;6.2;2.3
44;2020-12-31;11;0;11;0;0.0;0.0
44;2021-01-02;2;0;13;0;0.0;0.0
44;2021-01-03;1;0;14;0;0.0;0.0
44;2021-01-04;239;0;253;0;0.0;0.0
44;2021-01-05;769;0;1022;0;0.0;0.0
44;2021-01-06;1241;0;2263;0;0.0;0.0
44;2021-01-07;2387;0;4650;0;0.1;0.0
44;2021-01-08;3056;0;7706;0;0.1;0.0
44;2021-01-09;924;0;8630;0;0.2;0.0
44;2021-01-10;223;0;8853;0;0.2;0.0
44;2021-01-11;2903;0;11756;0;0.2;0.0
44;2021-01-12;5118;0;16874;0;0.3;0.0
44;2021-01-13;7473;0;24347;0;0.4;0.0
44;2021-01-14;9267;0;33614;0;0.6;0.0
44;2021-01-15;6490;0;40104;0;0.7;0.0
44;2021-01-16;1881;70;41985;70;0.8;0.0
44;2021-01-17;902;0;42887;70;0.8;0.0
44;2021-01-18;8668;1;51555;71;0.9;0.0
44;2021-01-19;10548;1;62103;72;1.1;0.0
44;2021-01-20;10867;4;72970;76;1.3;0.0
44;2021-01-21;11636;7;84606;83;1.5;0.0
44;2021-01-22;9552;4;94158;87;1.7;0.0
44;2021-01-23;3279;15;97437;102;1.8;0.0
44;2021-01-24;1565;6;99002;108;1.8;0.0
44;2021-01-25;6520;293;105522;401;1.9;0.0
44;2021-01-26;5625;447;111147;848;2.0;0.0
44;2021-01-27;7339;653;118486;1501;2.1;0.0
44;2021-01-28;8769;1397;127255;2898;2.3;0.1
44;2021-01-29;6708;1937;133963;4835;2.4;0.1
44;2021-01-30;2536;634;136499;5469;2.5;0.1
44;2021-01-31;1243;139;137742;5608;2.5;0.1
44;2021-02-01;6296;2340;144038;7948;2.6;0.1
44;2021-02-02;6055;4328;150093;12276;2.7;0.2
44;2021-02-03;5487;5198;155580;17474;2.8;0.3
44;2021-02-04;6238;7856;161818;25330;2.9;0.5
44;2021-02-05;6243;5051;168061;30381;3.0;0.6
44;2021-02-06;1960;1306;170021;31687;3.1;0.6
44;2021-02-07;406;685;170427;32372;3.1;0.6
44;2021-02-08;3789;4642;174216;37014;3.2;0.7
44;2021-02-09;5576;5954;179792;42968;3.3;0.8
44;2021-02-10;6106;6131;185898;49099;3.4;0.9
44;2021-02-11;6914;6934;192812;56033;3.5;1.0
44;2021-02-12;7138;5153;199950;61186;3.6;1.1
44;2021-02-13;2503;1179;202453;62365;3.7;1.1
44;2021-02-14;1605;1083;204058;63448;3.7;1.2
44;2021-02-15;3838;6665;207896;70113;3.8;1.3
44;2021-02-16;4450;7350;212346;77463;3.9;1.4
44;2021-02-17;4566;8055;216912;85518;3.9;1.6
44;2021-02-18;5753;9283;222665;94801;4.0;1.7
44;2021-02-19;5226;7061;227891;101862;4.1;1.8
44;2021-02-20;2314;2885;230205;104747;4.2;1.9
44;2021-02-21;529;1370;230734;106117;4.2;1.9
44;2021-02-22;4269;7098;235003;113215;4.3;2.1
44;2021-02-23;5693;6740;240696;119955;4.4;2.2
44;2021-02-24;6335;5879;247031;125834;4.5;2.3
44;2021-02-25;10079;6808;257110;132642;4.7;2.4
44;2021-02-26;12017;5652;269127;138294;4.9;2.5
44;2021-02-27;7767;2137;276894;140431;5.0;2.5
44;2021-02-28;2084;456;278978;140887;5.1;2.6
44;2021-03-01;5824;4405;284802;145292;5.2;2.6
44;2021-03-02;9070;5262;293872;150554;5.3;2.7
44;2021-03-03;10941;5325;304813;155879;5.5;2.8
44;2021-03-04;12696;5542;317509;161421;5.8;2.9
44;2021-03-05;17216;4878;334725;166299;6.1;3.0
44;2021-03-06;19358;1689;354083;167988;6.4;3.0
44;2021-03-07;9891;505;363974;168493;6.6;3.1
44;2021-03-08;8729;4050;372703;172543;6.8;3.1
44;2021-03-09;14394;4281;387097;176824;7.0;3.2
44;2021-03-10;15538;4405;402635;181229;7.3;3.3
52;2021-01-01;1;0;1;0;0.0;0.0
52;2021-01-02;1;0;2;0;0.0;0.0
52;2021-01-03;1;0;3;0;0.0;0.0
52;2021-01-04;34;0;37;0;0.0;0.0
52;2021-01-05;167;0;204;0;0.0;0.0
52;2021-01-06;378;0;582;0;0.0;0.0
52;2021-01-07;879;0;1461;0;0.0;0.0
52;2021-01-08;1628;0;3089;0;0.1;0.0
52;2021-01-09;1048;0;4137;0;0.1;0.0
52;2021-01-10;643;0;4780;0;0.1;0.0
52;2021-01-11;2191;0;6971;0;0.2;0.0
52;2021-01-12;3083;0;10054;0;0.3;0.0
52;2021-01-13;2912;0;12966;0;0.3;0.0
52;2021-01-14;3243;0;16209;0;0.4;0.0
52;2021-01-15;2981;0;19190;0;0.5;0.0
52;2021-01-16;890;22;20080;22;0.5;0.0
52;2021-01-17;498;0;20578;22;0.5;0.0
52;2021-01-18;3196;1;23774;23;0.6;0.0
52;2021-01-19;6509;1;30283;24;0.8;0.0
52;2021-01-20;8223;0;38506;24;1.0;0.0
52;2021-01-21;11988;0;50494;24;1.3;0.0
52;2021-01-22;7171;19;57665;43;1.5;0.0
52;2021-01-23;1676;2;59341;45;1.6;0.0
52;2021-01-24;174;0;59515;45;1.6;0.0
52;2021-01-25;2988;10;62503;55;1.6;0.0
52;2021-01-26;6697;187;69200;242;1.8;0.0
52;2021-01-27;7240;160;76440;402;2.0;0.0
52;2021-01-28;9649;537;86089;939;2.3;0.0
52;2021-01-29;5924;985;92013;1924;2.4;0.1
52;2021-01-30;1257;371;93270;2295;2.5;0.1
52;2021-01-31;79;313;93349;2608;2.5;0.1
52;2021-02-01;2505;1348;95854;3956;2.5;0.1
52;2021-02-02;2965;2263;98819;6219;2.6;0.2
52;2021-02-03;2683;2121;101502;8340;2.7;0.2
52;2021-02-04;2955;2231;104457;10571;2.7;0.3
52;2021-02-05;2957;2260;107414;12831;2.8;0.3
52;2021-02-06;1070;682;108484;13513;2.9;0.4
52;2021-02-07;150;290;108634;13803;2.9;0.4
52;2021-02-08;1919;2179;110553;15982;2.9;0.4
52;2021-02-09;3130;4074;113683;20056;3.0;0.5
52;2021-02-10;3286;5447;116969;25503;3.1;0.7
52;2021-02-11;5896;10492;122865;35995;3.2;0.9
52;2021-02-12;4600;4877;127465;40872;3.4;1.1
52;2021-02-13;1141;1127;128606;41999;3.4;1.1
52;2021-02-14;20;304;128626;42303;3.4;1.1
52;2021-02-15;1953;3142;130579;45445;3.4;1.2
52;2021-02-16;4059;6650;134638;52095;3.5;1.4
52;2021-02-17;3778;7111;138416;59206;3.6;1.6
52;2021-02-18;6027;9564;144443;68770;3.8;1.8
52;2021-02-19;5215;5696;149658;74466;3.9;2.0
52;2021-02-20;1005;1219;150663;75685;4.0;2.0
52;2021-02-21;6;68;150669;75753;4.0;2.0
52;2021-02-22;2556;2952;153225;78705;4.0;2.1
52;2021-02-23;3299;3316;156524;82021;4.1;2.2
52;2021-02-24;3197;2745;159721;84766;4.2;2.2
52;2021-02-25;6239;2960;165960;87726;4.4;2.3
52;2021-02-26;6106;2730;172066;90456;4.5;2.4
52;2021-02-27;2188;999;174254;91455;4.6;2.4
52;2021-02-28;72;42;174326;91497;4.6;2.4
52;2021-03-01;3033;2259;177359;93756;4.7;2.5
52;2021-03-02;4654;3273;182013;97029;4.8;2.6
52;2021-03-03;5202;3191;187215;100220;4.9;2.6
52;2021-03-04;7502;4830;194717;105050;5.1;2.8
52;2021-03-05;8746;3703;203463;108753;5.4;2.9
52;2021-03-06;5557;965;209020;109718;5.5;2.9
52;2021-03-07;2641;2;211661;109720;5.6;2.9
52;2021-03-08;5684;2090;217345;111810;5.7;2.9
52;2021-03-09;9158;3014;226503;114824;6.0;3.0
52;2021-03-10;8898;2946;235401;117770;6.2;3.1
53;2021-01-01;2;0;2;0;0.0;0.0
53;2021-01-02;3;0;5;0;0.0;0.0
53;2021-01-04;43;0;48;0;0.0;0.0
53;2021-01-05;200;0;248;0;0.0;0.0
53;2021-01-06;327;0;575;0;0.0;0.0
53;2021-01-07;834;0;1409;0;0.0;0.0
53;2021-01-08;1208;0;2617;0;0.1;0.0
53;2021-01-09;33;0;2650;0;0.1;0.0
53;2021-01-10;4;0;2654;0;0.1;0.0
53;2021-01-11;1658;0;4312;0;0.1;0.0
53;2021-01-12;3266;0;7578;0;0.2;0.0
53;2021-01-13;3246;0;10824;0;0.3;0.0
53;2021-01-14;3722;0;14546;0;0.4;0.0
53;2021-01-15;3252;0;17798;0;0.5;0.0
53;2021-01-16;682;29;18480;29;0.6;0.0
53;2021-01-17;180;1;18660;30;0.6;0.0
53;2021-01-18;3305;0;21965;30;0.7;0.0
53;2021-01-19;8091;0;30056;30;0.9;0.0
53;2021-01-20;6930;0;36986;30;1.1;0.0
53;2021-01-21;11200;1;48186;31;1.4;0.0
53;2021-01-22;7626;0;55812;31;1.7;0.0
53;2021-01-23;1490;0;57302;31;1.7;0.0
53;2021-01-24;253;0;57555;31;1.7;0.0
53;2021-01-25;3051;56;60606;87;1.8;0.0
53;2021-01-26;4081;265;64687;352;1.9;0.0
53;2021-01-27;7176;317;71863;669;2.2;0.0
53;2021-01-28;6922;632;78785;1301;2.4;0.0
53;2021-01-29;4195;722;82980;2023;2.5;0.1
53;2021-01-30;844;36;83824;2059;2.5;0.1
53;2021-01-31;78;3;83902;2062;2.5;0.1
53;2021-02-01;2205;1141;86107;3203;2.6;0.1
53;2021-02-02;3419;2360;89526;5563;2.7;0.2
53;2021-02-03;3159;2217;92685;7780;2.8;0.2
53;2021-02-04;6933;2353;99618;10133;3.0;0.3
53;2021-02-05;5392;2097;105010;12230;3.1;0.4
53;2021-02-06;1191;275;106201;12505;3.2;0.4
53;2021-02-07;213;120;106414;12625;3.2;0.4
53;2021-02-08;1635;1550;108049;14175;3.2;0.4
53;2021-02-09;3886;6041;111935;20216;3.4;0.6
53;2021-02-10;3765;5426;115700;25642;3.5;0.8
53;2021-02-11;5567;9485;121267;35127;3.6;1.1
53;2021-02-12;5548;5200;126815;40327;3.8;1.2
53;2021-02-13;1218;548;128033;40875;3.8;1.2
53;2021-02-14;25;120;128058;40995;3.8;1.2
53;2021-02-15;2278;2992;130336;43987;3.9;1.3
53;2021-02-16;3928;3049;134264;47036;4.0;1.4
53;2021-02-17;3969;5559;138233;52595;4.1;1.6
53;2021-02-18;5729;6032;143962;58627;4.3;1.8
53;2021-02-19;5108;4423;149070;63050;4.5;1.9
53;2021-02-20;1176;812;150246;63862;4.5;1.9
53;2021-02-21;162;100;150408;63962;4.5;1.9
53;2021-02-22;2308;2610;152716;66572;4.6;2.0
53;2021-02-23;3876;3444;156592;70016;4.7;2.1
53;2021-02-24;4324;3627;160916;73643;4.8;2.2
53;2021-02-25;7691;7278;168607;80921;5.0;2.4
53;2021-02-26;8556;4234;177163;85155;5.3;2.5
53;2021-02-27;3400;1096;180563;86251;5.4;2.6
53;2021-02-28;227;175;180790;86426;5.4;2.6
53;2021-03-01;3391;2089;184181;88515;5.5;2.6
53;2021-03-02;5554;4574;189735;93089;5.7;2.8
53;2021-03-03;6329;3501;196064;96590;5.9;2.9
53;2021-03-04;8975;5102;205039;101692;6.1;3.0
53;2021-03-05;11635;5102;216674;106794;6.5;3.2
53;2021-03-06;5525;810;222199;107604;6.7;3.2
53;2021-03-07;906;79;223105;107683;6.7;3.2
53;2021-03-08;5081;1748;228186;109431;6.8;3.3
53;2021-03-09;9337;2524;237523;111955;7.1;3.4
53;2021-03-10;8977;3073;246500;115028;7.4;3.4
75;2020-12-28;1;0;1;0;0.0;0.0
75;2020-12-29;2;0;3;0;0.0;0.0
75;2020-12-30;1;0;4;0;0.0;0.0
75;2021-01-02;1;0;5;0;0.0;0.0
75;2021-01-04;89;0;94;0;0.0;0.0
75;2021-01-05;124;0;218;0;0.0;0.0
75;2021-01-06;735;0;953;0;0.0;0.0
75;2021-01-07;4899;0;5852;0;0.1;0.0
75;2021-01-08;5293;0;11145;0;0.2;0.0
75;2021-01-09;836;0;11981;0;0.2;0.0
75;2021-01-10;478;0;12459;0;0.2;0.0
75;2021-01-11;3551;0;16010;0;0.3;0.0
75;2021-01-12;5924;0;21934;0;0.4;0.0
75;2021-01-13;6516;0;28450;0;0.5;0.0
75;2021-01-14;8001;0;36451;0;0.6;0.0
75;2021-01-15;7504;0;43955;0;0.7;0.0
75;2021-01-16;1512;60;45467;60;0.8;0.0
75;2021-01-17;420;1;45887;61;0.8;0.0
75;2021-01-18;6858;1;52745;62;0.9;0.0
75;2021-01-19;13998;0;66743;62;1.1;0.0
75;2021-01-20;15381;0;82124;62;1.4;0.0
75;2021-01-21;16797;2;98921;64;1.6;0.0
75;2021-01-22;12872;4;111793;68;1.9;0.0
75;2021-01-23;4413;1;116206;69;1.9;0.0
75;2021-01-24;697;1;116903;70;1.9;0.0
75;2021-01-25;8848;224;125751;294;2.1;0.0
75;2021-01-26;11541;588;137292;882;2.3;0.0
75;2021-01-27;12178;853;149470;1735;2.5;0.0
75;2021-01-28;12868;3074;162338;4809;2.7;0.1
75;2021-01-29;9966;2966;172304;7775;2.9;0.1
75;2021-01-30;3375;479;175679;8254;2.9;0.1
75;2021-01-31;644;396;176323;8650;2.9;0.1
75;2021-02-01;5746;2813;182069;11463;3.0;0.2
75;2021-02-02;9509;4853;191578;16316;3.2;0.3
75;2021-02-03;9566;4384;201144;20700;3.4;0.3
75;2021-02-04;10659;6123;211803;26823;3.5;0.4
75;2021-02-05;7450;5445;219253;32268;3.7;0.5
75;2021-02-06;2365;879;221618;33147;3.7;0.6
75;2021-02-07;670;222;222288;33369;3.7;0.6
75;2021-02-08;5110;3862;227398;37231;3.8;0.6
75;2021-02-09;7257;9337;234655;46568;3.9;0.8
75;2021-02-10;7536;9350;242191;55918;4.0;0.9
75;2021-02-11;8687;11688;250878;67606;4.2;1.1
75;2021-02-12;7310;8146;258188;75752;4.3;1.3
75;2021-02-13;1885;1664;260073;77416;4.3;1.3
75;2021-02-14;272;308;260345;77724;4.3;1.3
75;2021-02-15;3198;7181;263543;84905;4.4;1.4
75;2021-02-16;4565;10249;268108;95154;4.5;1.6
75;2021-02-17;4557;11289;272665;106443;4.5;1.8
75;2021-02-18;5162;12982;277827;119425;4.6;2.0
75;2021-02-19;5280;9156;283107;128581;4.7;2.1
75;2021-02-20;975;2599;284082;131180;4.7;2.2
75;2021-02-21;180;558;284262;131738;4.7;2.2
75;2021-02-22;3531;7685;287793;139423;4.8;2.3
75;2021-02-23;5112;10590;292905;150013;4.9;2.5
75;2021-02-24;5872;10209;298777;160222;5.0;2.7
75;2021-02-25;9573;11469;308350;171691;5.1;2.9
75;2021-02-26;11785;8064;320135;179755;5.3;3.0
75;2021-02-27;5693;2393;325828;182148;5.4;3.0
75;2021-02-28;306;567;326134;182715;5.4;3.0
75;2021-03-01;4859;6496;330993;189211;5.5;3.2
75;2021-03-02;9041;7821;340034;197032;5.7;3.3
75;2021-03-03;10541;7583;350575;204615;5.8;3.4
75;2021-03-04;15995;8056;366570;212671;6.1;3.5
75;2021-03-05;20265;6691;386835;219362;6.4;3.7
75;2021-03-06;13130;1936;399965;221298;6.7;3.7
75;2021-03-07;3608;258;403573;221556;6.7;3.7
75;2021-03-08;9667;5108;413240;226664;6.9;3.8
75;2021-03-09;16272;6157;429512;232821;7.2;3.9
75;2021-03-10;17317;5822;446829;238643;7.4;4.0
76;2020-12-31;1;0;1;0;0.0;0.0
76;2021-01-01;3;0;4;0;0.0;0.0
76;2021-01-02;2;0;6;0;0.0;0.0
76;2021-01-03;1;0;7;0;0.0;0.0
76;2021-01-04;58;0;65;0;0.0;0.0
76;2021-01-05;471;0;536;0;0.0;0.0
76;2021-01-06;777;0;1313;0;0.0;0.0
76;2021-01-07;2524;0;3837;0;0.1;0.0
76;2021-01-08;3164;0;7001;0;0.1;0.0
76;2021-01-09;1523;0;8524;0;0.1;0.0
76;2021-01-10;515;0;9039;0;0.2;0.0
76;2021-01-11;3457;0;12496;0;0.2;0.0
76;2021-01-12;5539;0;18035;0;0.3;0.0
76;2021-01-13;6304;0;24339;0;0.4;0.0
76;2021-01-14;8850;0;33189;0;0.6;0.0
76;2021-01-15;7111;0;40300;0;0.7;0.0
76;2021-01-16;1944;78;42244;78;0.7;0.0
76;2021-01-17;702;0;42946;78;0.7;0.0
76;2021-01-18;7562;2;50508;80;0.9;0.0
76;2021-01-19;11076;1;61584;81;1.0;0.0
76;2021-01-20;13478;1;75062;82;1.3;0.0
76;2021-01-21;16382;0;91444;82;1.5;0.0
76;2021-01-22;11623;4;103067;86;1.7;0.0
76;2021-01-23;3869;4;106936;90;1.8;0.0
76;2021-01-24;725;9;107661;99;1.8;0.0
76;2021-01-25;7757;76;115418;175;1.9;0.0
76;2021-01-26;10228;279;125646;454;2.1;0.0
76;2021-01-27;10636;548;136282;1002;2.3;0.0
76;2021-01-28;10005;1975;146287;2977;2.5;0.1
76;2021-01-29;7917;2237;154204;5214;2.6;0.1
76;2021-01-30;3177;705;157381;5919;2.7;0.1
76;2021-01-31;513;251;157894;6170;2.7;0.1
76;2021-02-01;5759;2632;163653;8802;2.8;0.1
76;2021-02-02;9874;4263;173527;13065;2.9;0.2
76;2021-02-03;9405;4413;182932;17478;3.1;0.3
76;2021-02-04;9936;6441;192868;23919;3.3;0.4
76;2021-02-05;7662;5038;200530;28957;3.4;0.5
76;2021-02-06;2658;948;203188;29905;3.4;0.5
76;2021-02-07;527;364;203715;30269;3.4;0.5
76;2021-02-08;4746;4270;208461;34539;3.5;0.6
76;2021-02-09;6177;7187;214638;41726;3.6;0.7
76;2021-02-10;7007;9729;221645;51455;3.7;0.9
76;2021-02-11;8767;11756;230412;63211;3.9;1.1
76;2021-02-12;7785;7544;238197;70755;4.0;1.2
76;2021-02-13;2604;2167;240801;72922;4.1;1.2
76;2021-02-14;344;771;241145;73693;4.1;1.2
76;2021-02-15;3261;5960;244406;79653;4.1;1.3
76;2021-02-16;4101;8533;248507;88186;4.2;1.5
76;2021-02-17;4230;9709;252737;97895;4.3;1.7
76;2021-02-18;5652;9617;258389;107512;4.4;1.8
76;2021-02-19;4733;7866;263122;115378;4.4;1.9
76;2021-02-20;1516;2869;264638;118247;4.5;2.0
76;2021-02-21;256;528;264894;118775;4.5;2.0
76;2021-02-22;3214;7263;268108;126038;4.5;2.1
76;2021-02-23;4763;10519;272871;136557;4.6;2.3
76;2021-02-24;4462;10392;277333;146949;4.7;2.5
76;2021-02-25;7994;9706;285327;156655;4.8;2.6
76;2021-02-26;9307;7951;294634;164606;5.0;2.8
76;2021-02-27;3583;2933;298217;167539;5.0;2.8
76;2021-02-28;420;332;298637;167871;5.0;2.8
76;2021-03-01;5089;5944;303726;173815;5.1;2.9
76;2021-03-02;8002;7171;311728;180986;5.3;3.1
76;2021-03-03;8941;7077;320669;188063;5.4;3.2
76;2021-03-04;13601;7900;334270;195963;5.6;3.3
76;2021-03-05;16376;6556;350646;202519;5.9;3.4
76;2021-03-06;15506;1922;366152;204441;6.2;3.5
76;2021-03-07;11114;218;377266;204659;6.4;3.5
76;2021-03-08;9689;5138;386955;209797;6.5;3.5
76;2021-03-09;15700;5892;402655;215689;6.8;3.6
76;2021-03-10;15786;5893;418441;221582;7.1;3.7
84;2020-12-28;6;0;6;0;0.0;0.0
84;2020-12-29;5;0;11;0;0.0;0.0
84;2020-12-30;5;0;16;0;0.0;0.0
84;2020-12-31;12;0;28;0;0.0;0.0
84;2021-01-01;7;0;35;0;0.0;0.0
84;2021-01-02;1;0;36;0;0.0;0.0
84;2021-01-04;173;0;209;0;0.0;0.0
84;2021-01-05;451;0;660;0;0.0;0.0
84;2021-01-06;1125;0;1785;0;0.0;0.0
84;2021-01-07;2763;0;4548;0;0.1;0.0
84;2021-01-08;3022;0;7570;0;0.1;0.0
84;2021-01-09;504;0;8074;0;0.1;0.0
84;2021-01-10;159;0;8233;0;0.1;0.0
84;2021-01-11;4139;0;12372;0;0.2;0.0
84;2021-01-12;6203;0;18575;0;0.2;0.0
84;2021-01-13;6720;0;25295;0;0.3;0.0
84;2021-01-14;8797;0;34092;0;0.4;0.0
84;2021-01-15;7596;0;41688;0;0.5;0.0
84;2021-01-16;2934;39;44622;39;0.6;0.0
84;2021-01-17;915;0;45537;39;0.6;0.0
84;2021-01-18;8795;7;54332;46;0.7;0.0
84;2021-01-19;14785;7;69117;53;0.9;0.0
84;2021-01-20;15254;6;84371;59;1.1;0.0
84;2021-01-21;14324;7;98695;66;1.2;0.0
84;2021-01-22;12282;5;110977;71;1.4;0.0
84;2021-01-23;4735;0;115712;71;1.4;0.0
84;2021-01-24;808;0;116520;71;1.5;0.0
84;2021-01-25;8717;152;125237;223;1.6;0.0
84;2021-01-26;11777;357;137014;580;1.7;0.0
84;2021-01-27;11898;684;148912;1264;1.9;0.0
84;2021-01-28;13451;1822;162363;3086;2.0;0.0
84;2021-01-29;10687;1463;173050;4549;2.2;0.1
84;2021-01-30;4125;300;177175;4849;2.2;0.1
84;2021-01-31;498;1;177673;4850;2.2;0.1
84;2021-02-01;6495;2033;184168;6883;2.3;0.1
84;2021-02-02;10441;3778;194609;10661;2.4;0.1
84;2021-02-03;11257;4201;205866;14862;2.6;0.2
84;2021-02-04;12194;6035;218060;20897;2.7;0.3
84;2021-02-05;8452;4876;226512;25773;2.8;0.3
84;2021-02-06;2623;1042;229135;26815;2.9;0.3
84;2021-02-07;451;429;229586;27244;2.9;0.3
84;2021-02-08;6155;4810;235741;32054;2.9;0.4
84;2021-02-09;9215;9116;244956;41170;3.0;0.5
84;2021-02-10;9418;9440;254374;50610;3.2;0.6
84;2021-02-11;10401;10406;264775;61016;3.3;0.8
84;2021-02-12;9400;8088;274175;69104;3.4;0.9
84;2021-02-13;3448;2226;277623;71330;3.5;0.9
84;2021-02-14;610;363;278233;71693;3.5;0.9
84;2021-02-15;4688;8424;282921;80117;3.5;1.0
84;2021-02-16;5882;10532;288803;90649;3.6;1.1
84;2021-02-17;5783;11312;294586;101961;3.7;1.3
84;2021-02-18;6609;11951;301195;113912;3.7;1.4
84;2021-02-19;6367;8858;307562;122770;3.8;1.5
84;2021-02-20;1692;3286;309254;126056;3.9;1.6
84;2021-02-21;175;457;309429;126513;3.9;1.6
84;2021-02-22;4102;8701;313531;135214;3.9;1.7
84;2021-02-23;6792;11727;320323;146941;4.0;1.8
84;2021-02-24;7036;12144;327359;159085;4.1;2.0
84;2021-02-25;11840;13472;339199;172557;4.2;2.1
84;2021-02-26;14004;8870;353203;181427;4.4;2.3
84;2021-02-27;5348;2851;358551;184278;4.5;2.3
84;2021-02-28;447;255;358998;184533;4.5;2.3
84;2021-03-01;8649;6188;367647;190721;4.6;2.4
84;2021-03-02;14257;7987;381904;198708;4.8;2.5
84;2021-03-03;14208;7509;396112;206217;4.9;2.6
84;2021-03-04;19801;7507;415913;213724;5.2;2.7
84;2021-03-05;24792;6302;440705;220026;5.5;2.7
84;2021-03-06;18549;2043;459254;222069;5.7;2.8
84;2021-03-07;7825;119;467079;222188;5.8;2.8
84;2021-03-08;11642;5808;478721;227996;6.0;2.8
84;2021-03-09;19609;6192;498330;234188;6.2;2.9
84;2021-03-10;18689;5793;517019;239981;6.4;3.0
93;2020-12-30;3;0;3;0;0.0;0.0
93;2020-12-31;19;0;22;0;0.0;0.0
93;2021-01-01;9;0;31;0;0.0;0.0
93;2021-01-02;2;0;33;0;0.0;0.0
93;2021-01-03;1;0;34;0;0.0;0.0
93;2021-01-04;131;0;165;0;0.0;0.0
93;2021-01-05;239;0;404;0;0.0;0.0
93;2021-01-06;403;0;807;0;0.0;0.0
93;2021-01-07;1234;0;2041;0;0.0;0.0
93;2021-01-08;1558;0;3599;0;0.1;0.0
93;2021-01-09;536;0;4135;0;0.1;0.0
93;2021-01-10;72;0;4207;0;0.1;0.0
93;2021-01-11;2328;0;6535;0;0.1;0.0
93;2021-01-12;4961;0;11496;0;0.2;0.0
93;2021-01-13;4313;0;15809;0;0.3;0.0
93;2021-01-14;5330;0;21139;0;0.4;0.0
93;2021-01-15;4789;0;25928;0;0.5;0.0
93;2021-01-16;1659;37;27587;37;0.5;0.0
93;2021-01-17;297;1;27884;38;0.6;0.0
93;2021-01-18;6855;4;34739;42;0.7;0.0
93;2021-01-19;13149;1;47888;43;0.9;0.0
93;2021-01-20;11881;3;59769;46;1.2;0.0
93;2021-01-21;12040;11;71809;57;1.4;0.0
93;2021-01-22;9810;1;81619;58;1.6;0.0
93;2021-01-23;3238;0;84857;58;1.7;0.0
93;2021-01-24;513;0;85370;58;1.7;0.0
93;2021-01-25;7109;64;92479;122;1.8;0.0
93;2021-01-26;9549;143;102028;265;2.0;0.0
93;2021-01-27;8983;343;111011;608;2.2;0.0
93;2021-01-28;13328;942;124339;1550;2.5;0.0
93;2021-01-29;9542;1076;133881;2626;2.6;0.1
93;2021-01-30;2205;116;136086;2742;2.7;0.1
93;2021-01-31;297;0;136383;2742;2.7;0.1
93;2021-02-01;5020;1641;141403;4383;2.8;0.1
93;2021-02-02;5994;2363;147397;6746;2.9;0.1
93;2021-02-03;4967;2040;152364;8786;3.0;0.2
93;2021-02-04;5399;3906;157763;12692;3.1;0.3
93;2021-02-05;5930;4864;163693;17556;3.2;0.3
93;2021-02-06;1224;1100;164917;18656;3.3;0.4
93;2021-02-07;276;18;165193;18674;3.3;0.4
93;2021-02-08;4263;3996;169456;22670;3.4;0.4
93;2021-02-09;5776;8080;175232;30750;3.5;0.6
93;2021-02-10;5685;6644;180917;37394;3.6;0.7
93;2021-02-11;6420;7072;187337;44466;3.7;0.9
93;2021-02-12;5499;6450;192836;50916;3.8;1.0
93;2021-02-13;1070;1638;193906;52554;3.8;1.0
93;2021-02-14;68;241;193974;52795;3.8;1.0
93;2021-02-15;2290;5724;196264;58519;3.9;1.2
93;2021-02-16;3012;7844;199276;66363;3.9;1.3
93;2021-02-17;3482;9162;202758;75525;4.0;1.5
93;2021-02-18;5414;12584;208172;88109;4.1;1.7
93;2021-02-19;5263;8566;213435;96675;4.2;1.9
93;2021-02-20;781;1839;214216;98514;4.2;1.9
93;2021-02-21;69;321;214285;98835;4.2;2.0
93;2021-02-22;2669;6082;216954;104917;4.3;2.1
93;2021-02-23;3307;6254;220261;111171;4.4;2.2
93;2021-02-24;3966;6247;224227;117418;4.4;2.3
93;2021-02-25;7324;5988;231551;123406;4.6;2.4
93;2021-02-26;7741;5382;239292;128788;4.7;2.5
93;2021-02-27;2768;1244;242060;130032;4.8;2.6
93;2021-02-28;299;207;242359;130239;4.8;2.6
93;2021-03-01;4684;4270;247043;134509;4.9;2.7
93;2021-03-02;6532;5527;253575;140036;5.0;2.8
93;2021-03-03;8031;6002;261606;146038;5.2;2.9
93;2021-03-04;10389;6570;271995;152608;5.4;3.0
93;2021-03-05;11180;5346;283175;157954;5.6;3.1
93;2021-03-06;17990;992;301165;158946;6.0;3.1
93;2021-03-07;12392;120;313557;159066;6.2;3.1
93;2021-03-08;8446;3962;322003;163028;6.4;3.2
93;2021-03-09;11721;4453;333724;167481;6.6;3.3
93;2021-03-10;12070;4363;345794;171844;6.8;3.4
94;2021-01-04;2;0;2;0;0.0;0.0
94;2021-01-06;53;0;55;0;0.0;0.0
94;2021-01-07;330;0;385;0;0.1;0.0
94;2021-01-08;309;0;694;0;0.2;0.0
94;2021-01-09;76;0;770;0;0.2;0.0
94;2021-01-10;34;0;804;0;0.2;0.0
94;2021-01-11;151;0;955;0;0.3;0.0
94;2021-01-12;206;0;1161;0;0.3;0.0
94;2021-01-13;203;0;1364;0;0.4;0.0
94;2021-01-14;263;0;1627;0;0.5;0.0
94;2021-01-15;380;0;2007;0;0.6;0.0
94;2021-01-16;197;2;2204;2;0.6;0.0
94;2021-01-17;89;0;2293;2;0.7;0.0
94;2021-01-18;470;0;2763;2;0.8;0.0
94;2021-01-19;980;0;3743;2;1.1;0.0
94;2021-01-20;804;0;4547;2;1.3;0.0
94;2021-01-21;806;0;5353;2;1.6;0.0
94;2021-01-22;704;0;6057;2;1.8;0.0
94;2021-01-23;243;1;6300;3;1.8;0.0
94;2021-01-24;146;0;6446;3;1.9;0.0
94;2021-01-25;422;1;6868;4;2.0;0.0
94;2021-01-26;788;5;7656;9;2.2;0.0
94;2021-01-27;663;56;8319;65;2.4;0.0
94;2021-01-28;702;241;9021;306;2.6;0.1
94;2021-01-29;608;248;9629;554;2.8;0.2
94;2021-01-30;204;75;9833;629;2.9;0.2
94;2021-01-31;149;7;9982;636;2.9;0.2
94;2021-02-01;454;170;10436;806;3.0;0.2
94;2021-02-02;642;167;11078;973;3.2;0.3
94;2021-02-03;780;166;11858;1139;3.4;0.3
94;2021-02-04;712;304;12570;1443;3.6;0.4
94;2021-02-05;656;238;13226;1681;3.8;0.5
94;2021-02-06;206;80;13432;1761;3.9;0.5
94;2021-02-07;126;50;13558;1811;3.9;0.5
94;2021-02-08;321;369;13879;2180;4.0;0.6
94;2021-02-09;712;621;14591;2801;4.2;0.8
94;2021-02-10;642;398;15233;3199;4.4;0.9
94;2021-02-11;672;447;15905;3646;4.6;1.1
94;2021-02-12;640;400;16545;4046;4.8;1.2
94;2021-02-13;284;74;16829;4120;4.9;1.2
94;2021-02-14;193;74;17022;4194;4.9;1.2
94;2021-02-15;376;278;17398;4472;5.0;1.3
94;2021-02-16;632;601;18030;5073;5.2;1.5
94;2021-02-17;584;451;18614;5524;5.4;1.6
94;2021-02-18;544;542;19158;6066;5.6;1.8
94;2021-02-19;290;592;19448;6658;5.6;1.9
94;2021-02-20;275;192;19723;6850;5.7;2.0
94;2021-02-21;55;84;19778;6934;5.7;2.0
94;2021-02-22;211;395;19989;7329;5.8;2.1
94;2021-02-23;350;642;20339;7971;5.9;2.3
94;2021-02-24;294;595;20633;8566;6.0;2.5
94;2021-02-25;347;605;20980;9171;6.1;2.7
94;2021-02-26;413;550;21393;9721;6.2;2.8
94;2021-02-27;367;151;21760;9872;6.3;2.9
94;2021-02-28;68;123;21828;9995;6.3;2.9
94;2021-03-01;346;415;22174;10410;6.4;3.0
94;2021-03-02;543;648;22717;11058;6.6;3.2
94;2021-03-03;518;683;23235;11741;6.7;3.4
94;2021-03-04;938;638;24173;12379;7.0;3.6
94;2021-03-05;1549;608;25722;12987;7.5;3.8
94;2021-03-06;1792;150;27514;13137;8.0;3.8
94;2021-03-07;1349;96;28863;13233;8.4;3.8
94;2021-03-08;1217;316;30080;13549;8.7;3.9
94;2021-03-09;1209;636;31289;14185;9.1;4.1
94;2021-03-10;1188;562;32477;14747;9.4;4.3
