reg;jour;n_dose1;n_dose2;n_cum_dose1;n_cum_dose2;couv_dose1;couv_dose2
01;2021-01-08;1;0;1;0;0.0;0.0
01;2021-01-09;2;0;3;0;0.0;0.0
01;2021-01-12;20;0;23;0;0.0;0.0
01;2021-01-13;17;0;40;0;0.0;0.0
01;2021-01-14;35;0;75;0;0.0;0.0
01;2021-01-15;31;0;106;0;0.0;0.0
01;2021-01-18;62;0;168;0;0.0;0.0
01;2021-01-19;104;0;272;0;0.1;0.0
01;2021-01-20;64;0;336;0;0.1;0.0
01;2021-01-21;95;0;431;0;0.1;0.0
01;2021-01-22;54;0;485;0;0.1;0.0
01;2021-01-25;83;0;568;0;0.2;0.0
01;2021-01-26;99;1;667;1;0.2;0.0
01;2021-01-27;200;0;867;1;0.2;0.0
01;2021-01-28;107;2;974;3;0.3;0.0
01;2021-01-29;92;0;1066;3;0.3;0.0
01;2021-01-30;2;0;1068;3;0.3;0.0
01;2021-02-01;94;5;1162;8;0.3;0.0
01;2021-02-02;136;24;1298;32;0.3;0.0
01;2021-02-03;132;7;1430;39;0.4;0.0
01;2021-02-04;129;25;1559;64;0.4;0.0
01;2021-02-05;148;28;1707;92;0.5;0.0
01;2021-02-06;1;0;1708;92;0.5;0.0
01;2021-02-08;102;20;1810;112;0.5;0.0
01;2021-02-09;200;37;2010;149;0.5;0.0
01;2021-02-10;124;40;2134;189;0.6;0.1
01;2021-02-11;168;108;2302;297;0.6;0.1
01;2021-02-12;197;37;2499;334;0.7;0.1
01;2021-02-13;0;9;2499;343;0.7;0.1
01;2021-02-14;12;32;2511;375;0.7;0.1
01;2021-02-15;87;31;2598;406;0.7;0.1
01;2021-02-18;126;36;2724;442;0.7;0.1
01;2021-02-19;173;58;2897;500;0.8;0.1
01;2021-02-22;102;47;2999;547;0.8;0.1
01;2021-02-23;154;86;3153;633;0.8;0.2
01;2021-02-24;181;110;3334;743;0.9;0.2
01;2021-02-25;152;75;3486;818;0.9;0.2
01;2021-02-26;92;97;3578;915;0.9;0.2
01;2021-03-01;51;83;3629;998;1.0;0.3
01;2021-03-02;156;125;3785;1123;1.0;0.3
01;2021-03-03;50;101;3835;1224;1.0;0.3
01;2021-03-04;95;84;3930;1308;1.0;0.3
01;2021-03-05;176;119;4106;1427;1.1;0.4
01;2021-03-06;74;0;4180;1427;1.1;0.4
02;2021-01-06;5;0;5;0;0.0;0.0
02;2021-01-07;31;0;36;0;0.0;0.0
02;2021-01-08;79;0;115;0;0.0;0.0
02;2021-01-09;20;0;135;0;0.0;0.0
02;2021-01-11;117;0;252;0;0.1;0.0
02;2021-01-12;78;0;330;0;0.1;0.0
02;2021-01-13;64;0;394;0;0.1;0.0
02;2021-01-14;81;0;475;0;0.1;0.0
02;2021-01-15;130;0;605;0;0.2;0.0
02;2021-01-16;51;1;656;1;0.2;0.0
02;2021-01-18;157;0;813;1;0.2;0.0
02;2021-01-19;140;0;953;1;0.3;0.0
02;2021-01-20;163;0;1116;1;0.3;0.0
02;2021-01-21;181;0;1297;1;0.4;0.0
02;2021-01-22;156;0;1453;1;0.4;0.0
02;2021-01-23;58;0;1511;1;0.4;0.0
02;2021-01-25;156;0;1667;1;0.5;0.0
02;2021-01-26;132;0;1799;1;0.5;0.0
02;2021-01-27;158;6;1957;7;0.5;0.0
02;2021-01-28;143;24;2100;31;0.6;0.0
02;2021-01-29;143;57;2243;88;0.6;0.0
02;2021-01-30;95;16;2338;104;0.7;0.0
02;2021-02-01;114;105;2452;209;0.7;0.1
02;2021-02-02;182;81;2634;290;0.7;0.1
02;2021-02-03;127;69;2761;359;0.8;0.1
02;2021-02-04;156;61;2917;420;0.8;0.1
02;2021-02-05;120;87;3037;507;0.8;0.1
02;2021-02-06;61;25;3098;532;0.9;0.1
02;2021-02-07;1;0;3099;532;0.9;0.1
02;2021-02-08;134;93;3233;625;0.9;0.2
02;2021-02-09;165;70;3398;695;0.9;0.2
02;2021-02-10;136;89;3534;784;1.0;0.2
02;2021-02-11;130;108;3664;892;1.0;0.2
02;2021-02-12;122;124;3786;1016;1.1;0.3
02;2021-02-13;31;38;3817;1054;1.1;0.3
02;2021-02-15;42;63;3859;1117;1.1;0.3
02;2021-02-17;0;1;3859;1118;1.1;0.3
02;2021-02-18;63;129;3922;1247;1.1;0.3
02;2021-02-19;69;126;3991;1373;1.1;0.4
02;2021-02-20;48;68;4039;1441;1.1;0.4
02;2021-02-22;96;134;4135;1575;1.2;0.4
02;2021-02-23;112;219;4247;1794;1.2;0.5
02;2021-02-24;92;169;4339;1963;1.2;0.5
02;2021-02-25;78;149;4417;2112;1.2;0.6
02;2021-02-26;111;164;4528;2276;1.3;0.6
02;2021-02-27;68;51;4596;2327;1.3;0.6
02;2021-03-01;137;137;4733;2464;1.3;0.7
02;2021-03-02;155;114;4888;2578;1.4;0.7
02;2021-03-03;176;102;5064;2680;1.4;0.7
02;2021-03-04;141;122;5205;2802;1.5;0.8
02;2021-03-05;219;115;5424;2917;1.5;0.8
02;2021-03-06;98;58;5522;2975;1.5;0.8
02;2021-03-07;51;0;5573;2975;1.6;0.8
03;2021-01-13;30;0;30;0;0.0;0.0
03;2021-01-14;46;0;76;0;0.0;0.0
03;2021-01-15;34;0;110;0;0.0;0.0
03;2021-01-16;18;0;128;0;0.0;0.0
03;2021-01-18;61;0;189;0;0.1;0.0
03;2021-01-19;142;0;331;0;0.1;0.0
03;2021-01-20;132;0;463;0;0.2;0.0
03;2021-01-21;116;0;579;0;0.2;0.0
03;2021-01-22;75;0;654;0;0.2;0.0
03;2021-01-25;56;0;710;0;0.2;0.0
03;2021-01-26;97;0;807;0;0.3;0.0
03;2021-01-27;109;0;916;0;0.3;0.0
03;2021-01-28;96;2;1012;2;0.3;0.0
03;2021-01-29;103;2;1115;4;0.4;0.0
03;2021-02-01;54;0;1169;4;0.4;0.0
03;2021-02-02;122;4;1291;8;0.4;0.0
03;2021-02-03;113;18;1404;26;0.5;0.0
03;2021-02-04;79;37;1483;63;0.5;0.0
03;2021-02-05;55;7;1538;70;0.5;0.0
03;2021-02-08;48;12;1586;82;0.5;0.0
03;2021-02-09;91;38;1677;120;0.6;0.0
03;2021-02-10;98;76;1775;196;0.6;0.1
03;2021-02-11;81;71;1856;267;0.6;0.1
03;2021-02-12;63;43;1919;310;0.7;0.1
03;2021-02-15;26;63;1945;373;0.7;0.1
03;2021-02-16;118;50;2063;423;0.7;0.1
03;2021-02-17;132;123;2195;546;0.8;0.2
03;2021-02-18;100;140;2295;686;0.8;0.2
03;2021-02-19;119;72;2414;758;0.8;0.3
03;2021-02-22;78;48;2492;806;0.9;0.3
03;2021-02-23;152;93;2644;899;0.9;0.3
03;2021-02-24;182;119;2826;1018;1.0;0.4
03;2021-02-25;252;89;3078;1107;1.1;0.4
03;2021-02-26;249;67;3327;1174;1.1;0.4
03;2021-02-27;112;1;3439;1175;1.2;0.4
03;2021-03-01;173;87;3612;1262;1.2;0.4
03;2021-03-02;243;104;3855;1366;1.3;0.5
03;2021-03-03;249;105;4104;1471;1.4;0.5
03;2021-03-04;259;69;4363;1540;1.5;0.5
03;2021-03-05;238;40;4601;1580;1.6;0.5
03;2021-03-06;114;0;4715;1580;1.6;0.5
04;2021-01-01;1;0;1;0;0.0;0.0
04;2021-01-05;1;0;2;0;0.0;0.0
04;2021-01-09;1;0;3;0;0.0;0.0
04;2021-01-15;301;0;304;0;0.0;0.0
04;2021-01-16;26;0;330;0;0.0;0.0
04;2021-01-18;49;0;379;0;0.0;0.0
04;2021-01-19;393;0;772;0;0.1;0.0
04;2021-01-20;435;0;1207;0;0.1;0.0
04;2021-01-21;605;0;1812;0;0.2;0.0
04;2021-01-22;409;0;2221;0;0.3;0.0
04;2021-01-23;75;0;2296;0;0.3;0.0
04;2021-01-25;271;0;2567;0;0.3;0.0
04;2021-01-26;428;0;2995;0;0.3;0.0
04;2021-01-27;317;0;3312;0;0.4;0.0
04;2021-01-28;402;0;3714;0;0.4;0.0
04;2021-01-29;418;2;4132;2;0.5;0.0
04;2021-01-30;418;0;4550;2;0.5;0.0
04;2021-02-01;372;4;4922;6;0.6;0.0
04;2021-02-02;495;3;5417;9;0.6;0.0
04;2021-02-03;570;13;5987;22;0.7;0.0
04;2021-02-04;591;17;6578;39;0.8;0.0
04;2021-02-05;558;239;7136;278;0.8;0.0
04;2021-02-06;493;3;7629;281;0.9;0.0
04;2021-02-08;462;31;8091;312;0.9;0.0
04;2021-02-09;769;112;8860;424;1.0;0.0
04;2021-02-10;695;92;9555;516;1.1;0.1
04;2021-02-11;731;104;10286;620;1.2;0.1
04;2021-02-12;633;78;10919;698;1.3;0.1
04;2021-02-13;538;19;11457;717;1.3;0.1
04;2021-02-14;1;0;11458;717;1.3;0.1
04;2021-02-15;520;152;11978;869;1.4;0.1
04;2021-02-16;619;443;12597;1312;1.5;0.2
04;2021-02-17;525;350;13122;1662;1.5;0.2
04;2021-02-18;478;436;13600;2098;1.6;0.2
04;2021-02-19;498;283;14098;2381;1.6;0.3
04;2021-02-20;572;105;14670;2486;1.7;0.3
04;2021-02-22;400;231;15070;2717;1.8;0.3
04;2021-02-23;603;236;15673;2953;1.8;0.3
04;2021-02-24;560;247;16233;3200;1.9;0.4
04;2021-02-25;622;288;16855;3488;2.0;0.4
04;2021-02-26;454;434;17309;3922;2.0;0.5
04;2021-02-27;342;401;17651;4323;2.1;0.5
04;2021-03-01;279;387;17930;4710;2.1;0.5
04;2021-03-02;452;493;18382;5203;2.1;0.6
04;2021-03-03;724;621;19106;5824;2.2;0.7
04;2021-03-04;721;517;19827;6341;2.3;0.7
04;2021-03-05;716;486;20543;6827;2.4;0.8
04;2021-03-06;805;425;21348;7252;2.5;0.8
06;2021-01-11;9;0;9;0;0.0;0.0
06;2021-01-23;1;0;10;0;0.0;0.0
06;2021-01-25;133;0;143;0;0.1;0.0
06;2021-01-26;155;1;298;1;0.1;0.0
06;2021-01-27;233;0;531;1;0.2;0.0
06;2021-01-28;80;0;611;1;0.2;0.0
06;2021-01-29;215;1;826;2;0.3;0.0
06;2021-01-30;283;0;1109;2;0.4;0.0
06;2021-01-31;1;0;1110;2;0.4;0.0
06;2021-02-01;100;1;1210;3;0.4;0.0
06;2021-02-02;327;0;1537;3;0.5;0.0
06;2021-02-03;214;0;1751;3;0.6;0.0
06;2021-02-04;213;0;1964;3;0.7;0.0
06;2021-02-05;211;0;2175;3;0.8;0.0
06;2021-02-06;82;0;2257;3;0.8;0.0
06;2021-02-08;72;2;2329;5;0.8;0.0
06;2021-02-09;154;2;2483;7;0.9;0.0
06;2021-02-10;149;0;2632;7;0.9;0.0
06;2021-02-11;217;0;2849;7;1.0;0.0
06;2021-02-12;264;1;3113;8;1.1;0.0
06;2021-02-13;55;0;3168;8;1.1;0.0
06;2021-02-15;257;1;3425;9;1.2;0.0
06;2021-02-16;246;7;3671;16;1.3;0.0
06;2021-02-17;165;0;3836;16;1.4;0.0
06;2021-02-18;163;3;3999;19;1.4;0.0
06;2021-02-19;223;7;4222;26;1.5;0.0
06;2021-02-20;134;4;4356;30;1.6;0.0
06;2021-02-22;107;153;4463;183;1.6;0.1
06;2021-02-23;174;163;4637;346;1.7;0.1
06;2021-02-24;163;116;4800;462;1.7;0.2
06;2021-02-25;180;192;4980;654;1.8;0.2
06;2021-02-26;223;244;5203;898;1.9;0.3
06;2021-03-01;129;242;5332;1140;1.9;0.4
06;2021-03-02;194;253;5526;1393;2.0;0.5
06;2021-03-03;159;115;5685;1508;2.0;0.5
06;2021-03-04;174;83;5859;1591;2.1;0.6
06;2021-03-05;89;59;5948;1650;2.1;0.6
07;2021-01-15;1;0;1;0;0.0;0.0
07;2021-01-21;2;0;3;0;0.0;0.0
07;2021-01-28;1;0;4;0;0.0;0.0
07;2021-02-03;7;0;11;0;0.1;0.0
07;2021-02-04;12;0;23;0;0.2;0.0
07;2021-02-05;10;2;33;2;0.3;0.0
07;2021-02-08;9;0;42;2;0.4;0.0
07;2021-02-09;25;0;67;2;0.7;0.0
07;2021-02-10;18;0;85;2;0.9;0.0
07;2021-02-11;31;0;116;2;1.2;0.0
07;2021-02-12;21;0;137;2;1.4;0.0
07;2021-02-16;1;0;138;2;1.4;0.0
07;2021-02-17;0;1;138;3;1.4;0.0
07;2021-02-18;17;2;155;5;1.6;0.1
07;2021-02-19;22;0;177;5;1.8;0.1
07;2021-02-24;20;0;197;5;2.0;0.1
07;2021-02-25;13;10;210;15;2.1;0.2
07;2021-02-26;20;10;230;25;2.3;0.3
07;2021-03-02;14;13;244;38;2.4;0.4
07;2021-03-03;27;0;271;38;2.7;0.4
07;2021-03-04;25;20;296;58;3.0;0.6
07;2021-03-05;17;9;313;67;3.1;0.7
08;2021-02-02;3;0;3;0;0.0;0.0
08;2021-02-04;28;0;31;0;0.1;0.0
08;2021-02-19;1;0;32;0;0.1;0.0
08;2021-02-22;1;0;33;0;0.1;0.0
08;2021-02-23;3;0;36;0;0.1;0.0
08;2021-02-25;37;3;73;3;0.2;0.0
08;2021-02-26;32;4;105;7;0.3;0.0
08;2021-03-01;44;2;149;9;0.4;0.0
08;2021-03-02;5;41;154;50;0.4;0.1
08;2021-03-03;32;14;186;64;0.5;0.2
08;2021-03-04;25;20;211;84;0.6;0.2
08;2021-03-05;33;9;244;93;0.7;0.3
11;2020-12-27;10;0;10;0;0.0;0.0
11;2020-12-28;2;0;12;0;0.0;0.0
11;2020-12-29;55;0;67;0;0.0;0.0
11;2020-12-30;78;0;145;0;0.0;0.0
11;2020-12-31;36;0;181;0;0.0;0.0
11;2021-01-01;19;0;200;0;0.0;0.0
11;2021-01-02;57;0;257;0;0.0;0.0
11;2021-01-03;76;0;333;0;0.0;0.0
11;2021-01-04;540;0;873;0;0.0;0.0
11;2021-01-05;1983;0;2856;0;0.0;0.0
11;2021-01-06;2900;0;5756;0;0.0;0.0
11;2021-01-07;5148;0;10904;0;0.1;0.0
11;2021-01-08;6719;0;17623;0;0.1;0.0
11;2021-01-09;1850;0;19473;0;0.2;0.0
11;2021-01-10;1718;0;21191;0;0.2;0.0
11;2021-01-11;7594;0;28785;0;0.2;0.0
11;2021-01-12;9833;0;38618;0;0.3;0.0
11;2021-01-13;9508;0;48126;0;0.4;0.0
11;2021-01-14;9712;0;57838;0;0.5;0.0
11;2021-01-15;8483;6;66321;6;0.5;0.0
11;2021-01-16;2353;81;68674;87;0.6;0.0
11;2021-01-17;1070;1;69744;88;0.6;0.0
11;2021-01-18;11980;9;81724;97;0.7;0.0
11;2021-01-19;15422;31;97146;128;0.8;0.0
11;2021-01-20;17984;21;115130;149;0.9;0.0
11;2021-01-21;21616;35;136746;184;1.1;0.0
11;2021-01-22;16633;82;153379;266;1.2;0.0
11;2021-01-23;4907;30;158286;296;1.3;0.0
11;2021-01-24;1232;54;159518;350;1.3;0.0
11;2021-01-25;8728;184;168246;534;1.4;0.0
11;2021-01-26;12149;404;180395;938;1.5;0.0
11;2021-01-27;15992;762;196387;1700;1.6;0.0
11;2021-01-28;19989;1436;216376;3136;1.8;0.0
11;2021-01-29;15141;1555;231517;4691;1.9;0.0
11;2021-01-30;4417;142;235934;4833;1.9;0.0
11;2021-01-31;581;157;236515;4990;1.9;0.0
11;2021-02-01;7292;2483;243807;7473;2.0;0.1
11;2021-02-02;8222;3876;252029;11349;2.1;0.1
11;2021-02-03;8067;4798;260096;16147;2.1;0.1
11;2021-02-04;8731;6113;268827;22260;2.2;0.2
11;2021-02-05;8850;5957;277677;28217;2.3;0.2
11;2021-02-06;3220;1450;280897;29667;2.3;0.2
11;2021-02-07;575;1351;281472;31018;2.3;0.3
11;2021-02-08;6095;7135;287567;38153;2.3;0.3
11;2021-02-09;8208;11308;295775;49461;2.4;0.4
11;2021-02-10;9832;13611;305607;63072;2.5;0.5
11;2021-02-11;11676;15290;317283;78362;2.6;0.6
11;2021-02-12;11340;10773;328623;89135;2.7;0.7
11;2021-02-13;2598;1974;331221;91109;2.7;0.7
11;2021-02-14;290;602;331511;91711;2.7;0.7
11;2021-02-15;4254;10791;335765;102502;2.7;0.8
11;2021-02-16;5352;13494;341117;115996;2.8;0.9
11;2021-02-17;5510;16538;346627;132534;2.8;1.1
11;2021-02-18;8119;20576;354746;153110;2.9;1.2
11;2021-02-19;8511;14383;363257;167493;3.0;1.4
11;2021-02-20;1604;3794;364861;171287;3.0;1.4
11;2021-02-21;389;851;365250;172138;3.0;1.4
11;2021-02-22;4024;8967;369274;181105;3.0;1.5
11;2021-02-23;4723;9970;373997;191075;3.0;1.6
11;2021-02-24;5172;9588;379169;200663;3.1;1.6
11;2021-02-25;8093;10045;387262;210708;3.2;1.7
11;2021-02-26;10762;9501;398024;220209;3.2;1.8
11;2021-02-27;4899;3164;402923;223373;3.3;1.8
11;2021-02-28;643;545;403566;223918;3.3;1.8
11;2021-03-01;8136;7360;411702;231278;3.4;1.9
11;2021-03-02;13064;8883;424766;240161;3.5;2.0
11;2021-03-03;16808;9271;441574;249432;3.6;2.0
11;2021-03-04;23663;10096;465237;259528;3.8;2.1
11;2021-03-05;30264;9343;495501;268871;4.0;2.2
11;2021-03-06;42227;2485;537728;271356;4.4;2.2
11;2021-03-07;30944;448;568672;271804;4.6;2.2
24;2020-12-28;16;0;16;0;0.0;0.0
24;2020-12-29;9;0;25;0;0.0;0.0
24;2021-01-01;1;0;26;0;0.0;0.0
24;2021-01-04;19;0;45;0;0.0;0.0
24;2021-01-05;163;0;208;0;0.0;0.0
24;2021-01-06;320;0;528;0;0.0;0.0
24;2021-01-07;489;0;1017;0;0.0;0.0
24;2021-01-08;940;0;1957;0;0.1;0.0
24;2021-01-09;502;0;2459;0;0.1;0.0
24;2021-01-10;395;0;2854;0;0.1;0.0
24;2021-01-11;1278;0;4132;0;0.2;0.0
24;2021-01-12;2571;0;6703;0;0.3;0.0
24;2021-01-13;2132;0;8835;0;0.3;0.0
24;2021-01-14;2454;0;11289;0;0.4;0.0
24;2021-01-15;2025;1;13314;1;0.5;0.0
24;2021-01-16;851;56;14165;57;0.6;0.0
24;2021-01-17;312;1;14477;58;0.6;0.0
24;2021-01-18;3200;6;17677;64;0.7;0.0
24;2021-01-19;6266;17;23943;81;0.9;0.0
24;2021-01-20;7086;0;31029;81;1.2;0.0
24;2021-01-21;7346;1;38375;82;1.5;0.0
24;2021-01-22;5078;0;43453;82;1.7;0.0
24;2021-01-23;1269;1;44722;83;1.7;0.0
24;2021-01-24;225;0;44947;83;1.8;0.0
24;2021-01-25;3099;14;48046;97;1.9;0.0
24;2021-01-26;4642;94;52688;191;2.1;0.0
24;2021-01-27;5007;245;57695;436;2.3;0.0
24;2021-01-28;5593;535;63288;971;2.5;0.0
24;2021-01-29;3415;689;66703;1660;2.6;0.1
24;2021-01-30;1207;393;67910;2053;2.7;0.1
24;2021-01-31;251;348;68161;2401;2.7;0.1
24;2021-02-01;2167;973;70328;3374;2.7;0.1
24;2021-02-02;3012;2106;73340;5480;2.9;0.2
24;2021-02-03;3095;1754;76435;7234;3.0;0.3
24;2021-02-04;3221;1673;79656;8907;3.1;0.3
24;2021-02-05;2382;1271;82038;10178;3.2;0.4
24;2021-02-06;704;261;82742;10439;3.2;0.4
24;2021-02-07;133;31;82875;10470;3.2;0.4
24;2021-02-08;1966;1606;84841;12076;3.3;0.5
24;2021-02-09;3346;3711;88187;15787;3.4;0.6
24;2021-02-10;3989;4090;92176;19877;3.6;0.8
24;2021-02-11;4538;5263;96714;25140;3.8;1.0
24;2021-02-12;3429;3164;100143;28304;3.9;1.1
24;2021-02-13;828;690;100971;28994;3.9;1.1
24;2021-02-14;425;121;101396;29115;4.0;1.1
24;2021-02-15;1964;2924;103360;32039;4.0;1.3
24;2021-02-16;2759;4547;106119;36586;4.1;1.4
24;2021-02-17;2666;5133;108785;41719;4.3;1.6
24;2021-02-18;3408;5147;112193;46866;4.4;1.8
24;2021-02-19;3106;3351;115299;50217;4.5;2.0
24;2021-02-20;1283;939;116582;51156;4.6;2.0
24;2021-02-21;424;144;117006;51300;4.6;2.0
24;2021-02-22;1614;2737;118620;54037;4.6;2.1
24;2021-02-23;2321;3015;120941;57052;4.7;2.2
24;2021-02-24;2079;3291;123020;60343;4.8;2.4
24;2021-02-25;3539;3138;126559;63481;4.9;2.5
24;2021-02-26;4364;2576;130923;66057;5.1;2.6
24;2021-02-27;1863;908;132786;66965;5.2;2.6
24;2021-02-28;96;157;132882;67122;5.2;2.6
24;2021-03-01;2129;1926;135011;69048;5.3;2.7
24;2021-03-02;3364;2907;138375;71955;5.4;2.8
24;2021-03-03;3441;3389;141816;75344;5.5;2.9
24;2021-03-04;5068;3630;146884;78974;5.7;3.1
24;2021-03-05;6577;2543;153461;81517;6.0;3.2
24;2021-03-06;7197;599;160658;82116;6.3;3.2
24;2021-03-07;2193;156;162851;82272;6.4;3.2
27;2020-12-27;4;0;4;0;0.0;0.0
27;2020-12-29;19;0;23;0;0.0;0.0
27;2020-12-30;20;0;43;0;0.0;0.0
27;2021-01-03;1;0;44;0;0.0;0.0
27;2021-01-04;26;0;70;0;0.0;0.0
27;2021-01-05;261;0;331;0;0.0;0.0
27;2021-01-06;713;0;1044;0;0.0;0.0
27;2021-01-07;1551;0;2595;0;0.1;0.0
27;2021-01-08;1893;0;4488;0;0.2;0.0
27;2021-01-09;687;0;5175;0;0.2;0.0
27;2021-01-10;3;0;5178;0;0.2;0.0
27;2021-01-11;2400;0;7578;0;0.3;0.0
27;2021-01-12;3706;0;11284;0;0.4;0.0
27;2021-01-13;3756;0;15040;0;0.5;0.0
27;2021-01-14;4617;0;19657;0;0.7;0.0
27;2021-01-15;3532;4;23189;4;0.8;0.0
27;2021-01-16;783;40;23972;44;0.9;0.0
27;2021-01-17;116;0;24088;44;0.9;0.0
27;2021-01-18;6201;1;30289;45;1.1;0.0
27;2021-01-19;8312;24;38601;69;1.4;0.0
27;2021-01-20;7861;20;46462;89;1.7;0.0
27;2021-01-21;9265;1;55727;90;2.0;0.0
27;2021-01-22;7624;1;63351;91;2.3;0.0
27;2021-01-23;2973;0;66324;91;2.4;0.0
27;2021-01-24;346;0;66670;91;2.4;0.0
27;2021-01-25;5180;17;71850;108;2.6;0.0
27;2021-01-26;7308;307;79158;415;2.8;0.0
27;2021-01-27;7019;622;86177;1037;3.1;0.0
27;2021-01-28;6150;1189;92327;2226;3.3;0.1
27;2021-01-29;5814;1457;98141;3683;3.5;0.1
27;2021-01-30;2466;351;100607;4034;3.6;0.1
27;2021-01-31;250;3;100857;4037;3.6;0.1
27;2021-02-01;3355;1725;104212;5762;3.7;0.2
27;2021-02-02;4043;2834;108255;8596;3.9;0.3
27;2021-02-03;3617;2953;111872;11549;4.0;0.4
27;2021-02-04;3691;3351;115563;14900;4.2;0.5
27;2021-02-05;3223;2636;118786;17536;4.3;0.6
27;2021-02-06;1593;654;120379;18190;4.3;0.7
27;2021-02-07;5;4;120384;18194;4.3;0.7
27;2021-02-08;2868;2625;123252;20819;4.4;0.7
27;2021-02-09;2968;3706;126220;24525;4.5;0.9
27;2021-02-10;3004;3881;129224;28406;4.6;1.0
27;2021-02-11;3185;5042;132409;33448;4.8;1.2
27;2021-02-12;2698;4030;135107;37478;4.9;1.3
27;2021-02-13;976;1426;136083;38904;4.9;1.4
27;2021-02-14;259;220;136342;39124;4.9;1.4
27;2021-02-15;1216;5222;137558;44346;4.9;1.6
27;2021-02-16;1483;7231;139041;51577;5.0;1.9
27;2021-02-17;1767;6748;140808;58325;5.1;2.1
27;2021-02-18;2061;6185;142869;64510;5.1;2.3
27;2021-02-19;1678;5443;144547;69953;5.2;2.5
27;2021-02-20;688;2053;145235;72006;5.2;2.6
27;2021-02-21;0;149;145235;72155;5.2;2.6
27;2021-02-22;927;4658;146162;76813;5.3;2.8
27;2021-02-23;1156;5080;147318;81893;5.3;2.9
27;2021-02-24;1438;4726;148756;86619;5.3;3.1
27;2021-02-25;2853;4804;151609;91423;5.4;3.3
27;2021-02-26;3585;3900;155194;95323;5.6;3.4
27;2021-02-27;1879;1925;157073;97248;5.6;3.5
27;2021-02-28;106;210;157179;97458;5.6;3.5
27;2021-03-01;3503;3264;160682;100722;5.8;3.6
27;2021-03-02;5158;3996;165840;104718;6.0;3.8
27;2021-03-03;5719;3428;171559;108146;6.2;3.9
27;2021-03-04;7018;3319;178577;111465;6.4;4.0
27;2021-03-05;9087;2766;187664;114231;6.7;4.1
27;2021-03-06;6126;948;193790;115179;7.0;4.1
27;2021-03-07;830;14;194620;115193;7.0;4.1
28;2020-12-29;2;0;2;0;0.0;0.0
28;2020-12-31;1;0;3;0;0.0;0.0
28;2021-01-03;1;0;4;0;0.0;0.0
28;2021-01-04;16;0;20;0;0.0;0.0
28;2021-01-05;169;0;189;0;0.0;0.0
28;2021-01-06;1354;0;1543;0;0.0;0.0
28;2021-01-07;2567;0;4110;0;0.1;0.0
28;2021-01-08;3392;0;7502;0;0.2;0.0
28;2021-01-09;1326;0;8828;0;0.3;0.0
28;2021-01-10;703;0;9531;0;0.3;0.0
28;2021-01-11;3150;0;12681;0;0.4;0.0
28;2021-01-12;3895;0;16576;0;0.5;0.0
28;2021-01-13;4259;0;20835;0;0.6;0.0
28;2021-01-14;7928;0;28763;0;0.9;0.0
28;2021-01-15;6150;4;34913;4;1.1;0.0
28;2021-01-16;2082;65;36995;69;1.1;0.0
28;2021-01-17;4060;2;41055;71;1.2;0.0
28;2021-01-18;8675;2;49730;73;1.5;0.0
28;2021-01-19;7066;0;56796;73;1.7;0.0
28;2021-01-20;6480;0;63276;73;1.9;0.0
28;2021-01-21;5968;0;69244;73;2.1;0.0
28;2021-01-22;5436;1;74680;74;2.3;0.0
28;2021-01-23;2015;2;76695;76;2.3;0.0
28;2021-01-24;1443;9;78138;85;2.4;0.0
28;2021-01-25;6215;166;84353;251;2.6;0.0
28;2021-01-26;4567;491;88920;742;2.7;0.0
28;2021-01-27;4008;839;92928;1581;2.8;0.0
28;2021-01-28;3736;1019;96664;2600;2.9;0.1
28;2021-01-29;3482;1348;100146;3948;3.0;0.1
28;2021-01-30;1386;511;101532;4459;3.1;0.1
28;2021-01-31;195;123;101727;4582;3.1;0.1
28;2021-02-01;2775;1739;104502;6321;3.2;0.2
28;2021-02-02;2966;2557;107468;8878;3.3;0.3
28;2021-02-03;2937;3112;110405;11990;3.3;0.4
28;2021-02-04;3686;6215;114091;18205;3.5;0.6
28;2021-02-05;3854;4297;117945;22502;3.6;0.7
28;2021-02-06;1124;1475;119069;23977;3.6;0.7
28;2021-02-07;713;2603;119782;26580;3.6;0.8
28;2021-02-08;3770;7670;123552;34250;3.7;1.0
28;2021-02-09;3419;5689;126971;39939;3.8;1.2
28;2021-02-10;3374;4645;130345;44584;3.9;1.3
28;2021-02-11;4057;4749;134402;49333;4.1;1.5
28;2021-02-12;3937;4233;138339;53566;4.2;1.6
28;2021-02-13;1107;1573;139446;55139;4.2;1.7
28;2021-02-14;279;1307;139725;56446;4.2;1.7
28;2021-02-15;2154;6185;141879;62631;4.3;1.9
28;2021-02-16;2595;5144;144474;67775;4.4;2.1
28;2021-02-17;1909;4397;146383;72172;4.4;2.2
28;2021-02-18;2479;4008;148862;76180;4.5;2.3
28;2021-02-19;2455;3467;151317;79647;4.6;2.4
28;2021-02-20;907;1244;152224;80891;4.6;2.4
28;2021-02-21;100;299;152324;81190;4.6;2.5
28;2021-02-22;1647;3958;153971;85148;4.7;2.6
28;2021-02-23;2132;3661;156103;88809;4.7;2.7
28;2021-02-24;2327;3735;158430;92544;4.8;2.8
28;2021-02-25;4672;4181;163102;96725;4.9;2.9
28;2021-02-26;5678;3631;168780;100356;5.1;3.0
28;2021-02-27;2960;1058;171740;101414;5.2;3.1
28;2021-02-28;340;358;172080;101772;5.2;3.1
28;2021-03-01;2461;4703;174541;106475;5.3;3.2
28;2021-03-02;3805;3860;178346;110335;5.4;3.3
28;2021-03-03;4597;3072;182943;113407;5.5;3.4
28;2021-03-04;6918;2549;189861;115956;5.7;3.5
28;2021-03-05;9621;2210;199482;118166;6.0;3.6
28;2021-03-06;9516;667;208998;118833;6.3;3.6
28;2021-03-07;3741;109;212739;118942;6.4;3.6
32;2020-12-28;26;0;26;0;0.0;0.0
32;2020-12-29;12;0;38;0;0.0;0.0
32;2021-01-01;1;0;39;0;0.0;0.0
32;2021-01-03;2;0;41;0;0.0;0.0
32;2021-01-04;81;0;122;0;0.0;0.0
32;2021-01-05;297;0;419;0;0.0;0.0
32;2021-01-06;785;0;1204;0;0.0;0.0
32;2021-01-07;2415;0;3619;0;0.1;0.0
32;2021-01-08;3109;0;6728;0;0.1;0.0
32;2021-01-09;955;0;7683;0;0.1;0.0
32;2021-01-10;633;0;8316;0;0.1;0.0
32;2021-01-11;3135;0;11451;0;0.2;0.0
32;2021-01-12;4737;0;16188;0;0.3;0.0
32;2021-01-13;4798;0;20986;0;0.4;0.0
32;2021-01-14;5535;0;26521;0;0.4;0.0
32;2021-01-15;5033;8;31554;8;0.5;0.0
32;2021-01-16;1631;39;33185;47;0.6;0.0
32;2021-01-17;855;0;34040;47;0.6;0.0
32;2021-01-18;7080;1;41120;48;0.7;0.0
32;2021-01-19;9769;31;50889;79;0.9;0.0
32;2021-01-20;10161;7;61050;86;1.0;0.0
32;2021-01-21;12395;6;73445;92;1.2;0.0
32;2021-01-22;9672;1;83117;93;1.4;0.0
32;2021-01-23;3354;0;86471;93;1.5;0.0
32;2021-01-24;1119;12;87590;105;1.5;0.0
32;2021-01-25;6741;122;94331;227;1.6;0.0
32;2021-01-26;7261;202;101592;429;1.7;0.0
32;2021-01-27;4789;536;106381;965;1.8;0.0
32;2021-01-28;8437;2133;114818;3098;1.9;0.1
32;2021-01-29;5268;2213;120086;5311;2.0;0.1
32;2021-01-30;506;454;120592;5765;2.0;0.1
32;2021-01-31;66;136;120658;5901;2.0;0.1
32;2021-02-01;189;2264;120847;8165;2.0;0.1
32;2021-02-02;771;3598;121618;11763;2.0;0.2
32;2021-02-03;4034;3210;125652;14973;2.1;0.3
32;2021-02-04;3666;3785;129318;18758;2.2;0.3
32;2021-02-05;1961;3540;131279;22298;2.2;0.4
32;2021-02-06;503;957;131782;23255;2.2;0.4
32;2021-02-07;533;194;132315;23449;2.2;0.4
32;2021-02-08;1830;3541;134145;26990;2.2;0.5
32;2021-02-09;2529;4439;136674;31429;2.3;0.5
32;2021-02-10;2897;5349;139571;36778;2.3;0.6
32;2021-02-11;4570;6657;144141;43435;2.4;0.7
32;2021-02-12;4828;4756;148969;48191;2.5;0.8
32;2021-02-13;921;1859;149890;50050;2.5;0.8
32;2021-02-14;115;1032;150005;51082;2.5;0.9
32;2021-02-15;3390;7162;153395;58244;2.6;1.0
32;2021-02-16;3930;8295;157325;66539;2.6;1.1
32;2021-02-17;4194;8571;161519;75110;2.7;1.3
32;2021-02-18;6651;12108;168170;87218;2.8;1.5
32;2021-02-19;6792;8050;174962;95268;2.9;1.6
32;2021-02-20;2475;2527;177437;97795;3.0;1.6
32;2021-02-21;431;346;177868;98141;3.0;1.6
32;2021-02-22;3161;5011;181029;103152;3.0;1.7
32;2021-02-23;5333;5463;186362;108615;3.1;1.8
32;2021-02-24;7178;5973;193540;114588;3.2;1.9
32;2021-02-25;12451;4283;205991;118871;3.5;2.0
32;2021-02-26;12189;2146;218180;121017;3.7;2.0
32;2021-02-27;6099;148;224279;121165;3.8;2.0
32;2021-02-28;251;28;224530;121193;3.8;2.0
32;2021-03-01;6827;356;231357;121549;3.9;2.0
32;2021-03-02;10485;525;241842;122074;4.1;2.0
32;2021-03-03;11613;785;253455;122859;4.3;2.1
32;2021-03-04;14049;1624;267504;124483;4.5;2.1
32;2021-03-05;16502;1286;284006;125769;4.8;2.1
32;2021-03-06;26795;529;310801;126298;5.2;2.1
32;2021-03-07;19085;68;329886;126366;5.5;2.1
44;2020-12-31;11;0;11;0;0.0;0.0
44;2021-01-02;2;0;13;0;0.0;0.0
44;2021-01-03;1;0;14;0;0.0;0.0
44;2021-01-04;239;0;253;0;0.0;0.0
44;2021-01-05;768;0;1021;0;0.0;0.0
44;2021-01-06;1238;0;2259;0;0.0;0.0
44;2021-01-07;2385;0;4644;0;0.1;0.0
44;2021-01-08;3054;0;7698;0;0.1;0.0
44;2021-01-09;922;0;8620;0;0.2;0.0
44;2021-01-10;222;0;8842;0;0.2;0.0
44;2021-01-11;2903;0;11745;0;0.2;0.0
44;2021-01-12;5117;0;16862;0;0.3;0.0
44;2021-01-13;7474;0;24336;0;0.4;0.0
44;2021-01-14;9253;0;33589;0;0.6;0.0
44;2021-01-15;6483;1;40072;1;0.7;0.0
44;2021-01-16;1878;70;41950;71;0.8;0.0
44;2021-01-17;902;0;42852;71;0.8;0.0
44;2021-01-18;8665;1;51517;72;0.9;0.0
44;2021-01-19;10543;1;62060;73;1.1;0.0
44;2021-01-20;10847;4;72907;77;1.3;0.0
44;2021-01-21;11635;7;84542;84;1.5;0.0
44;2021-01-22;9553;4;94095;88;1.7;0.0
44;2021-01-23;3279;15;97374;103;1.8;0.0
44;2021-01-24;1565;6;98939;109;1.8;0.0
44;2021-01-25;6519;292;105458;401;1.9;0.0
44;2021-01-26;5623;447;111081;848;2.0;0.0
44;2021-01-27;7337;653;118418;1501;2.1;0.0
44;2021-01-28;8737;1395;127155;2896;2.3;0.1
44;2021-01-29;6705;1935;133860;4831;2.4;0.1
44;2021-01-30;2532;631;136392;5462;2.5;0.1
44;2021-01-31;1241;138;137633;5600;2.5;0.1
44;2021-02-01;6295;2339;143928;7939;2.6;0.1
44;2021-02-02;6029;4327;149957;12266;2.7;0.2
44;2021-02-03;5466;5196;155423;17462;2.8;0.3
44;2021-02-04;6233;7844;161656;25306;2.9;0.5
44;2021-02-05;6238;5042;167894;30348;3.0;0.6
44;2021-02-06;1955;1306;169849;31654;3.1;0.6
44;2021-02-07;406;685;170255;32339;3.1;0.6
44;2021-02-08;3782;4625;174037;36964;3.2;0.7
44;2021-02-09;5570;5899;179607;42863;3.3;0.8
44;2021-02-10;6080;6125;185687;48988;3.4;0.9
44;2021-02-11;6910;6933;192597;55921;3.5;1.0
44;2021-02-12;7136;5151;199733;61072;3.6;1.1
44;2021-02-13;2503;1178;202236;62250;3.7;1.1
44;2021-02-14;1603;1083;203839;63333;3.7;1.1
44;2021-02-15;3833;6663;207672;69996;3.8;1.3
44;2021-02-16;4442;7335;212114;77331;3.8;1.4
44;2021-02-17;4556;8031;216670;85362;3.9;1.5
44;2021-02-18;5754;9276;222424;94638;4.0;1.7
44;2021-02-19;5195;6999;227619;101637;4.1;1.8
44;2021-02-20;2316;2884;229935;104521;4.2;1.9
44;2021-02-21;528;1368;230463;105889;4.2;1.9
44;2021-02-22;4221;7094;234684;112983;4.3;2.0
44;2021-02-23;5608;6686;240292;119669;4.4;2.2
44;2021-02-24;6290;5861;246582;125530;4.5;2.3
44;2021-02-25;10049;6730;256631;132260;4.7;2.4
44;2021-02-26;11921;5620;268552;137880;4.9;2.5
44;2021-02-27;7755;2120;276307;140000;5.0;2.5
44;2021-02-28;2084;439;278391;140439;5.1;2.5
44;2021-03-01;5764;4394;284155;144833;5.2;2.6
44;2021-03-02;9043;5112;293198;149945;5.3;2.7
44;2021-03-03;10880;5252;304078;155197;5.5;2.8
44;2021-03-04;12539;5418;316617;160615;5.7;2.9
44;2021-03-05;16849;4791;333466;165406;6.1;3.0
44;2021-03-06;18821;1675;352287;167081;6.4;3.0
44;2021-03-07;9545;498;361832;167579;6.6;3.0
52;2021-01-01;1;0;1;0;0.0;0.0
52;2021-01-02;1;0;2;0;0.0;0.0
52;2021-01-03;1;0;3;0;0.0;0.0
52;2021-01-04;34;0;37;0;0.0;0.0
52;2021-01-05;167;0;204;0;0.0;0.0
52;2021-01-06;330;0;534;0;0.0;0.0
52;2021-01-07;856;0;1390;0;0.0;0.0
52;2021-01-08;1621;0;3011;0;0.1;0.0
52;2021-01-09;1048;0;4059;0;0.1;0.0
52;2021-01-10;643;0;4702;0;0.1;0.0
52;2021-01-11;2190;0;6892;0;0.2;0.0
52;2021-01-12;3081;0;9973;0;0.3;0.0
52;2021-01-13;2907;0;12880;0;0.3;0.0
52;2021-01-14;3235;0;16115;0;0.4;0.0
52;2021-01-15;2980;3;19095;3;0.5;0.0
52;2021-01-16;890;22;19985;25;0.5;0.0
52;2021-01-17;498;0;20483;25;0.5;0.0
52;2021-01-18;3196;1;23679;26;0.6;0.0
52;2021-01-19;6506;1;30185;27;0.8;0.0
52;2021-01-20;8220;0;38405;27;1.0;0.0
52;2021-01-21;11981;0;50386;27;1.3;0.0
52;2021-01-22;7170;19;57556;46;1.5;0.0
52;2021-01-23;1676;2;59232;48;1.6;0.0
52;2021-01-24;174;0;59406;48;1.6;0.0
52;2021-01-25;2988;10;62394;58;1.6;0.0
52;2021-01-26;6696;187;69090;245;1.8;0.0
52;2021-01-27;7225;160;76315;405;2.0;0.0
52;2021-01-28;9636;537;85951;942;2.3;0.0
52;2021-01-29;5919;985;91870;1927;2.4;0.1
52;2021-01-30;1257;371;93127;2298;2.4;0.1
52;2021-01-31;79;313;93206;2611;2.5;0.1
52;2021-02-01;2505;1348;95711;3959;2.5;0.1
52;2021-02-02;2962;2240;98673;6199;2.6;0.2
52;2021-02-03;2676;2058;101349;8257;2.7;0.2
52;2021-02-04;2953;2209;104302;10466;2.7;0.3
52;2021-02-05;2951;2236;107253;12702;2.8;0.3
52;2021-02-06;1068;682;108321;13384;2.8;0.4
52;2021-02-07;150;290;108471;13674;2.9;0.4
52;2021-02-08;1916;2173;110387;15847;2.9;0.4
52;2021-02-09;3119;4050;113506;19897;3.0;0.5
52;2021-02-10;3278;5434;116784;25331;3.1;0.7
52;2021-02-11;5885;10473;122669;35804;3.2;0.9
52;2021-02-12;4585;4865;127254;40669;3.3;1.1
52;2021-02-13;1138;1127;128392;41796;3.4;1.1
52;2021-02-14;20;304;128412;42100;3.4;1.1
52;2021-02-15;1950;3123;130362;45223;3.4;1.2
52;2021-02-16;4024;6603;134386;51826;3.5;1.4
52;2021-02-17;3746;7022;138132;58848;3.6;1.5
52;2021-02-18;6007;9515;144139;68363;3.8;1.8
52;2021-02-19;5126;5641;149265;74004;3.9;1.9
52;2021-02-20;951;1219;150216;75223;4.0;2.0
52;2021-02-21;6;68;150222;75291;4.0;2.0
52;2021-02-22;2550;2951;152772;78242;4.0;2.1
52;2021-02-23;3293;3312;156065;81554;4.1;2.1
52;2021-02-24;3160;2718;159225;84272;4.2;2.2
52;2021-02-25;6213;2946;165438;87218;4.4;2.3
52;2021-02-26;6094;2715;171532;89933;4.5;2.4
52;2021-02-27;2188;999;173720;90932;4.6;2.4
52;2021-02-28;72;42;173792;90974;4.6;2.4
52;2021-03-01;2971;2259;176763;93233;4.6;2.5
52;2021-03-02;4599;3246;181362;96479;4.8;2.5
52;2021-03-03;5168;3176;186530;99655;4.9;2.6
52;2021-03-04;7461;4707;193991;104362;5.1;2.7
52;2021-03-05;8609;3586;202600;107948;5.3;2.8
52;2021-03-06;5501;964;208101;108912;5.5;2.9
52;2021-03-07;2632;1;210733;108913;5.5;2.9
53;2021-01-01;2;0;2;0;0.0;0.0
53;2021-01-02;3;0;5;0;0.0;0.0
53;2021-01-04;43;0;48;0;0.0;0.0
53;2021-01-05;200;0;248;0;0.0;0.0
53;2021-01-06;327;0;575;0;0.0;0.0
53;2021-01-07;834;0;1409;0;0.0;0.0
53;2021-01-08;1208;0;2617;0;0.1;0.0
53;2021-01-09;33;0;2650;0;0.1;0.0
53;2021-01-10;3;0;2653;0;0.1;0.0
53;2021-01-11;1658;0;4311;0;0.1;0.0
53;2021-01-12;3266;0;7577;0;0.2;0.0
53;2021-01-13;3246;0;10823;0;0.3;0.0
53;2021-01-14;3722;0;14545;0;0.4;0.0
53;2021-01-15;3252;1;17797;1;0.5;0.0
53;2021-01-16;682;29;18479;30;0.6;0.0
53;2021-01-17;180;1;18659;31;0.6;0.0
53;2021-01-18;3303;0;21962;31;0.7;0.0
53;2021-01-19;8091;0;30053;31;0.9;0.0
53;2021-01-20;6899;0;36952;31;1.1;0.0
53;2021-01-21;11179;1;48131;32;1.4;0.0
53;2021-01-22;7597;0;55728;32;1.7;0.0
53;2021-01-23;1490;0;57218;32;1.7;0.0
53;2021-01-24;253;0;57471;32;1.7;0.0
53;2021-01-25;3051;56;60522;88;1.8;0.0
53;2021-01-26;4080;265;64602;353;1.9;0.0
53;2021-01-27;7168;317;71770;670;2.1;0.0
53;2021-01-28;6886;632;78656;1302;2.4;0.0
53;2021-01-29;4188;722;82844;2024;2.5;0.1
53;2021-01-30;844;36;83688;2060;2.5;0.1
53;2021-01-31;78;3;83766;2063;2.5;0.1
53;2021-02-01;2205;1141;85971;3204;2.6;0.1
53;2021-02-02;3419;2361;89390;5565;2.7;0.2
53;2021-02-03;3158;2219;92548;7784;2.8;0.2
53;2021-02-04;6909;2352;99457;10136;3.0;0.3
53;2021-02-05;5390;2095;104847;12231;3.1;0.4
53;2021-02-06;1190;275;106037;12506;3.2;0.4
53;2021-02-07;213;120;106250;12626;3.2;0.4
53;2021-02-08;1628;1549;107878;14175;3.2;0.4
53;2021-02-09;3875;6035;111753;20210;3.3;0.6
53;2021-02-10;3746;5395;115499;25605;3.5;0.8
53;2021-02-11;5536;9459;121035;35064;3.6;1.0
53;2021-02-12;5527;5171;126562;40235;3.8;1.2
53;2021-02-13;1218;548;127780;40783;3.8;1.2
53;2021-02-14;25;120;127805;40903;3.8;1.2
53;2021-02-15;2278;2992;130083;43895;3.9;1.3
53;2021-02-16;3927;3049;134010;46944;4.0;1.4
53;2021-02-17;3962;5518;137972;52462;4.1;1.6
53;2021-02-18;5724;5997;143696;58459;4.3;1.8
53;2021-02-19;5049;4400;148745;62859;4.5;1.9
53;2021-02-20;1177;812;149922;63671;4.5;1.9
53;2021-02-21;162;100;150084;63771;4.5;1.9
53;2021-02-22;2308;2610;152392;66381;4.6;2.0
53;2021-02-23;3873;3436;156265;69817;4.7;2.1
53;2021-02-24;4310;3627;160575;73444;4.8;2.2
53;2021-02-25;7643;7161;168218;80605;5.0;2.4
53;2021-02-26;8529;4229;176747;84834;5.3;2.5
53;2021-02-27;3399;1096;180146;85930;5.4;2.6
53;2021-02-28;227;175;180373;86105;5.4;2.6
53;2021-03-01;3382;2088;183755;88193;5.5;2.6
53;2021-03-02;5539;4422;189294;92615;5.7;2.8
53;2021-03-03;6298;3476;195592;96091;5.9;2.9
53;2021-03-04;8813;4882;204405;100973;6.1;3.0
53;2021-03-05;11480;4878;215885;105851;6.5;3.2
53;2021-03-06;5459;790;221344;106641;6.6;3.2
53;2021-03-07;906;79;222250;106720;6.7;3.2
75;2020-12-28;1;0;1;0;0.0;0.0
75;2020-12-29;2;0;3;0;0.0;0.0
75;2020-12-30;1;0;4;0;0.0;0.0
75;2021-01-02;1;0;5;0;0.0;0.0
75;2021-01-04;89;0;94;0;0.0;0.0
75;2021-01-05;124;0;218;0;0.0;0.0
75;2021-01-06;733;0;951;0;0.0;0.0
75;2021-01-07;4861;0;5812;0;0.1;0.0
75;2021-01-08;5289;0;11101;0;0.2;0.0
75;2021-01-09;836;0;11937;0;0.2;0.0
75;2021-01-10;478;0;12415;0;0.2;0.0
75;2021-01-11;3551;0;15966;0;0.3;0.0
75;2021-01-12;5923;0;21889;0;0.4;0.0
75;2021-01-13;6514;0;28403;0;0.5;0.0
75;2021-01-14;7979;0;36382;0;0.6;0.0
75;2021-01-15;7472;5;43854;5;0.7;0.0
75;2021-01-16;1512;60;45366;65;0.8;0.0
75;2021-01-17;420;1;45786;66;0.8;0.0
75;2021-01-18;6854;1;52640;67;0.9;0.0
75;2021-01-19;13991;0;66631;67;1.1;0.0
75;2021-01-20;15382;0;82013;67;1.4;0.0
75;2021-01-21;16756;2;98769;69;1.6;0.0
75;2021-01-22;12870;4;111639;73;1.9;0.0
75;2021-01-23;4413;1;116052;74;1.9;0.0
75;2021-01-24;697;1;116749;75;1.9;0.0
75;2021-01-25;8848;224;125597;299;2.1;0.0
75;2021-01-26;11519;588;137116;887;2.3;0.0
75;2021-01-27;12162;844;149278;1731;2.5;0.0
75;2021-01-28;12850;3037;162128;4768;2.7;0.1
75;2021-01-29;9963;2961;172091;7729;2.9;0.1
75;2021-01-30;3374;479;175465;8208;2.9;0.1
75;2021-01-31;644;396;176109;8604;2.9;0.1
75;2021-02-01;5745;2811;181854;11415;3.0;0.2
75;2021-02-02;9507;4848;191361;16263;3.2;0.3
75;2021-02-03;9556;4376;200917;20639;3.3;0.3
75;2021-02-04;10641;6092;211558;26731;3.5;0.4
75;2021-02-05;7448;5404;219006;32135;3.7;0.5
75;2021-02-06;2360;878;221366;33013;3.7;0.6
75;2021-02-07;670;222;222036;33235;3.7;0.6
75;2021-02-08;5073;3861;227109;37096;3.8;0.6
75;2021-02-09;7203;9326;234312;46422;3.9;0.8
75;2021-02-10;7485;9341;241797;55763;4.0;0.9
75;2021-02-11;8658;11643;250455;67406;4.2;1.1
75;2021-02-12;7304;8145;257759;75551;4.3;1.3
75;2021-02-13;1884;1664;259643;77215;4.3;1.3
75;2021-02-14;272;308;259915;77523;4.3;1.3
75;2021-02-15;3197;7178;263112;84701;4.4;1.4
75;2021-02-16;4558;10193;267670;94894;4.5;1.6
75;2021-02-17;4533;11265;272203;106159;4.5;1.8
75;2021-02-18;5142;12955;277345;119114;4.6;2.0
75;2021-02-19;5264;9156;282609;128270;4.7;2.1
75;2021-02-20;975;2599;283584;130869;4.7;2.2
75;2021-02-21;180;558;283764;131427;4.7;2.2
75;2021-02-22;3521;7679;287285;139106;4.8;2.3
75;2021-02-23;5089;10586;292374;149692;4.9;2.5
75;2021-02-24;5866;10195;298240;159887;5.0;2.7
75;2021-02-25;9557;11404;307797;171291;5.1;2.9
75;2021-02-26;11622;8045;319419;179336;5.3;3.0
75;2021-02-27;5685;2393;325104;181729;5.4;3.0
75;2021-02-28;306;567;325410;182296;5.4;3.0
75;2021-03-01;4844;6495;330254;188791;5.5;3.1
75;2021-03-02;9004;7802;339258;196593;5.7;3.3
75;2021-03-03;10452;7521;349710;204114;5.8;3.4
75;2021-03-04;15780;7966;365490;212080;6.1;3.5
75;2021-03-05;19974;6603;385464;218683;6.4;3.6
75;2021-03-06;12957;1924;398421;220607;6.6;3.7
75;2021-03-07;3522;246;401943;220853;6.7;3.7
76;2020-12-31;1;0;1;0;0.0;0.0
76;2021-01-01;3;0;4;0;0.0;0.0
76;2021-01-02;2;0;6;0;0.0;0.0
76;2021-01-03;1;0;7;0;0.0;0.0
76;2021-01-04;58;0;65;0;0.0;0.0
76;2021-01-05;471;0;536;0;0.0;0.0
76;2021-01-06;777;0;1313;0;0.0;0.0
76;2021-01-07;2524;0;3837;0;0.1;0.0
76;2021-01-08;3164;0;7001;0;0.1;0.0
76;2021-01-09;1523;0;8524;0;0.1;0.0
76;2021-01-10;515;0;9039;0;0.2;0.0
76;2021-01-11;3444;0;12483;0;0.2;0.0
76;2021-01-12;5536;0;18019;0;0.3;0.0
76;2021-01-13;6275;0;24294;0;0.4;0.0
76;2021-01-14;8775;0;33069;0;0.6;0.0
76;2021-01-15;7062;6;40131;6;0.7;0.0
76;2021-01-16;1944;78;42075;84;0.7;0.0
76;2021-01-17;702;0;42777;84;0.7;0.0
76;2021-01-18;7559;2;50336;86;0.8;0.0
76;2021-01-19;11076;1;61412;87;1.0;0.0
76;2021-01-20;13476;1;74888;88;1.3;0.0
76;2021-01-21;16373;0;91261;88;1.5;0.0
76;2021-01-22;11599;5;102860;93;1.7;0.0
76;2021-01-23;3869;4;106729;97;1.8;0.0
76;2021-01-24;725;9;107454;106;1.8;0.0
76;2021-01-25;7744;76;115198;182;1.9;0.0
76;2021-01-26;10221;279;125419;461;2.1;0.0
76;2021-01-27;10627;548;136046;1009;2.3;0.0
76;2021-01-28;9979;1975;146025;2984;2.5;0.1
76;2021-01-29;7915;2237;153940;5221;2.6;0.1
76;2021-01-30;3175;705;157115;5926;2.7;0.1
76;2021-01-31;513;251;157628;6177;2.7;0.1
76;2021-02-01;5736;2627;163364;8804;2.8;0.1
76;2021-02-02;9810;4259;173174;13063;2.9;0.2
76;2021-02-03;9401;4368;182575;17431;3.1;0.3
76;2021-02-04;9931;6359;192506;23790;3.2;0.4
76;2021-02-05;7659;4986;200165;28776;3.4;0.5
76;2021-02-06;2649;948;202814;29724;3.4;0.5
76;2021-02-07;525;364;203339;30088;3.4;0.5
76;2021-02-08;4724;4267;208063;34355;3.5;0.6
76;2021-02-09;6119;7178;214182;41533;3.6;0.7
76;2021-02-10;6958;9726;221140;51259;3.7;0.9
76;2021-02-11;8686;11736;229826;62995;3.9;1.1
76;2021-02-12;7763;7540;237589;70535;4.0;1.2
76;2021-02-13;2585;2166;240174;72701;4.1;1.2
76;2021-02-14;344;771;240518;73472;4.1;1.2
76;2021-02-15;3242;5960;243760;79432;4.1;1.3
76;2021-02-16;4083;8525;247843;87957;4.2;1.5
76;2021-02-17;4219;9657;252062;97614;4.3;1.6
76;2021-02-18;5630;9595;257692;107209;4.3;1.8
76;2021-02-19;4724;7865;262416;115074;4.4;1.9
76;2021-02-20;1516;2869;263932;117943;4.5;2.0
76;2021-02-21;257;528;264189;118471;4.5;2.0
76;2021-02-22;3214;7262;267403;125733;4.5;2.1
76;2021-02-23;4759;10477;272162;136210;4.6;2.3
76;2021-02-24;4409;10375;276571;146585;4.7;2.5
76;2021-02-25;7984;9688;284555;156273;4.8;2.6
76;2021-02-26;9286;7918;293841;164191;5.0;2.8
76;2021-02-27;3580;2924;297421;167115;5.0;2.8
76;2021-02-28;420;332;297841;167447;5.0;2.8
76;2021-03-01;5073;5891;302914;173338;5.1;2.9
76;2021-03-02;7960;7089;310874;180427;5.2;3.0
76;2021-03-03;8921;7042;319795;187469;5.4;3.2
76;2021-03-04;13440;7697;333235;195166;5.6;3.3
76;2021-03-05;16147;6352;349382;201518;5.9;3.4
76;2021-03-06;15450;1912;364832;203430;6.2;3.4
76;2021-03-07;11024;218;375856;203648;6.3;3.4
84;2020-12-28;6;0;6;0;0.0;0.0
84;2020-12-29;5;0;11;0;0.0;0.0
84;2020-12-30;5;0;16;0;0.0;0.0
84;2020-12-31;12;0;28;0;0.0;0.0
84;2021-01-01;7;0;35;0;0.0;0.0
84;2021-01-02;1;0;36;0;0.0;0.0
84;2021-01-04;173;0;209;0;0.0;0.0
84;2021-01-05;451;0;660;0;0.0;0.0
84;2021-01-06;1125;0;1785;0;0.0;0.0
84;2021-01-07;2760;0;4545;0;0.1;0.0
84;2021-01-08;3022;0;7567;0;0.1;0.0
84;2021-01-09;503;0;8070;0;0.1;0.0
84;2021-01-10;159;0;8229;0;0.1;0.0
84;2021-01-11;4136;0;12365;0;0.2;0.0
84;2021-01-12;6168;0;18533;0;0.2;0.0
84;2021-01-13;6716;0;25249;0;0.3;0.0
84;2021-01-14;8729;0;33978;0;0.4;0.0
84;2021-01-15;7557;8;41535;8;0.5;0.0
84;2021-01-16;2934;40;44469;48;0.6;0.0
84;2021-01-17;915;1;45384;49;0.6;0.0
84;2021-01-18;8791;7;54175;56;0.7;0.0
84;2021-01-19;14722;7;68897;63;0.9;0.0
84;2021-01-20;15240;6;84137;69;1.0;0.0
84;2021-01-21;14273;7;98410;76;1.2;0.0
84;2021-01-22;12234;5;110644;81;1.4;0.0
84;2021-01-23;4735;0;115379;81;1.4;0.0
84;2021-01-24;807;0;116186;81;1.4;0.0
84;2021-01-25;8714;152;124900;233;1.6;0.0
84;2021-01-26;11758;357;136658;590;1.7;0.0
84;2021-01-27;11895;683;148553;1273;1.8;0.0
84;2021-01-28;13379;1821;161932;3094;2.0;0.0
84;2021-01-29;10648;1463;172580;4557;2.1;0.1
84;2021-01-30;4095;300;176675;4857;2.2;0.1
84;2021-01-31;498;1;177173;4858;2.2;0.1
84;2021-02-01;6479;2029;183652;6887;2.3;0.1
84;2021-02-02;10386;3762;194038;10649;2.4;0.1
84;2021-02-03;11248;4191;205286;14840;2.6;0.2
84;2021-02-04;12137;5934;217423;20774;2.7;0.3
84;2021-02-05;8377;4831;225800;25605;2.8;0.3
84;2021-02-06;2608;1042;228408;26647;2.8;0.3
84;2021-02-07;450;429;228858;27076;2.8;0.3
84;2021-02-08;6085;4807;234943;31883;2.9;0.4
84;2021-02-09;9042;9094;243985;40977;3.0;0.5
84;2021-02-10;9281;9391;253266;50368;3.2;0.6
84;2021-02-11;10213;10263;263479;60631;3.3;0.8
84;2021-02-12;9333;7971;272812;68602;3.4;0.9
84;2021-02-13;3448;2225;276260;70827;3.4;0.9
84;2021-02-14;601;363;276861;71190;3.4;0.9
84;2021-02-15;4681;8354;281542;79544;3.5;1.0
84;2021-02-16;5803;10295;287345;89839;3.6;1.1
84;2021-02-17;5703;11240;293048;101079;3.6;1.3
84;2021-02-18;6496;11789;299544;112868;3.7;1.4
84;2021-02-19;6332;8804;305876;121672;3.8;1.5
84;2021-02-20;1677;3286;307553;124958;3.8;1.6
84;2021-02-21;175;457;307728;125415;3.8;1.6
84;2021-02-22;4067;8681;311795;134096;3.9;1.7
84;2021-02-23;6758;11679;318553;145775;4.0;1.8
84;2021-02-24;6925;12016;325478;157791;4.1;2.0
84;2021-02-25;11656;13269;337134;171060;4.2;2.1
84;2021-02-26;13810;8798;350944;179858;4.4;2.2
84;2021-02-27;5342;2811;356286;182669;4.4;2.3
84;2021-02-28;447;254;356733;182923;4.4;2.3
84;2021-03-01;8506;5950;365239;188873;4.5;2.4
84;2021-03-02;13977;7722;379216;196595;4.7;2.4
84;2021-03-03;14012;7242;393228;203837;4.9;2.5
84;2021-03-04;19162;7117;412390;210954;5.1;2.6
84;2021-03-05;23853;5964;436243;216918;5.4;2.7
84;2021-03-06;17571;1899;453814;218817;5.6;2.7
84;2021-03-07;6707;119;460521;218936;5.7;2.7
93;2020-12-27;1;0;1;0;0.0;0.0
93;2020-12-30;3;0;4;0;0.0;0.0
93;2020-12-31;19;0;23;0;0.0;0.0
93;2021-01-01;9;0;32;0;0.0;0.0
93;2021-01-02;2;0;34;0;0.0;0.0
93;2021-01-03;1;0;35;0;0.0;0.0
93;2021-01-04;129;0;164;0;0.0;0.0
93;2021-01-05;239;0;403;0;0.0;0.0
93;2021-01-06;403;0;806;0;0.0;0.0
93;2021-01-07;1234;0;2040;0;0.0;0.0
93;2021-01-08;1557;0;3597;0;0.1;0.0
93;2021-01-09;536;0;4133;0;0.1;0.0
93;2021-01-10;72;0;4205;0;0.1;0.0
93;2021-01-11;2326;0;6531;0;0.1;0.0
93;2021-01-12;4959;0;11490;0;0.2;0.0
93;2021-01-13;4316;0;15806;0;0.3;0.0
93;2021-01-14;5245;0;21051;0;0.4;0.0
93;2021-01-15;4783;3;25834;3;0.5;0.0
93;2021-01-16;1659;37;27493;40;0.5;0.0
93;2021-01-17;297;1;27790;41;0.5;0.0
93;2021-01-18;6843;4;34633;45;0.7;0.0
93;2021-01-19;13127;1;47760;46;0.9;0.0
93;2021-01-20;11791;3;59551;49;1.2;0.0
93;2021-01-21;11916;11;71467;60;1.4;0.0
93;2021-01-22;9754;1;81221;61;1.6;0.0
93;2021-01-23;3229;0;84450;61;1.7;0.0
93;2021-01-24;512;0;84962;61;1.7;0.0
93;2021-01-25;7106;64;92068;125;1.8;0.0
93;2021-01-26;9472;143;101540;268;2.0;0.0
93;2021-01-27;8982;343;110522;611;2.2;0.0
93;2021-01-28;13274;943;123796;1554;2.4;0.0
93;2021-01-29;9516;1074;133312;2628;2.6;0.1
93;2021-01-30;2205;116;135517;2744;2.7;0.1
93;2021-01-31;297;0;135814;2744;2.7;0.1
93;2021-02-01;5015;1641;140829;4385;2.8;0.1
93;2021-02-02;5848;2361;146677;6746;2.9;0.1
93;2021-02-03;4964;2039;151641;8785;3.0;0.2
93;2021-02-04;5266;3904;156907;12689;3.1;0.3
93;2021-02-05;5881;4796;162788;17485;3.2;0.3
93;2021-02-06;1218;1098;164006;18583;3.2;0.4
93;2021-02-07;276;16;164282;18599;3.2;0.4
93;2021-02-08;4183;3991;168465;22590;3.3;0.4
93;2021-02-09;5742;8046;174207;30636;3.4;0.6
93;2021-02-10;5615;6589;179822;37225;3.6;0.7
93;2021-02-11;6381;7038;186203;44263;3.7;0.9
93;2021-02-12;5467;6438;191670;50701;3.8;1.0
93;2021-02-13;1068;1638;192738;52339;3.8;1.0
93;2021-02-14;77;241;192815;52580;3.8;1.0
93;2021-02-15;2250;5686;195065;58266;3.9;1.2
93;2021-02-16;2968;7725;198033;65991;3.9;1.3
93;2021-02-17;3459;8718;201492;74709;4.0;1.5
93;2021-02-18;5410;12131;206902;86840;4.1;1.7
93;2021-02-19;5080;8290;211982;95130;4.2;1.9
93;2021-02-20;754;1772;212736;96902;4.2;1.9
93;2021-02-21;69;321;212805;97223;4.2;1.9
93;2021-02-22;2667;6075;215472;103298;4.3;2.0
93;2021-02-23;3291;6118;218763;109416;4.3;2.2
93;2021-02-24;3951;6219;222714;115635;4.4;2.3
93;2021-02-25;7224;5927;229938;121562;4.5;2.4
93;2021-02-26;7451;5348;237389;126910;4.7;2.5
93;2021-02-27;2763;1243;240152;128153;4.8;2.5
93;2021-02-28;298;207;240450;128360;4.8;2.5
93;2021-03-01;4637;4213;245087;132573;4.8;2.6
93;2021-03-02;6296;5402;251383;137975;5.0;2.7
93;2021-03-03;7926;5939;259309;143914;5.1;2.8
93;2021-03-04;9959;6198;269268;150112;5.3;3.0
93;2021-03-05;10814;5177;280082;155289;5.5;3.1
93;2021-03-06;17095;911;297177;156200;5.9;3.1
93;2021-03-07;11858;119;309035;156319;6.1;3.1
94;2021-01-04;2;0;2;0;0.0;0.0
94;2021-01-06;53;0;55;0;0.0;0.0
94;2021-01-07;330;0;385;0;0.1;0.0
94;2021-01-08;309;0;694;0;0.2;0.0
94;2021-01-09;76;0;770;0;0.2;0.0
94;2021-01-10;34;0;804;0;0.2;0.0
94;2021-01-11;151;0;955;0;0.3;0.0
94;2021-01-12;206;0;1161;0;0.3;0.0
94;2021-01-13;203;0;1364;0;0.4;0.0
94;2021-01-14;263;0;1627;0;0.5;0.0
94;2021-01-15;379;0;2006;0;0.6;0.0
94;2021-01-16;197;2;2203;2;0.6;0.0
94;2021-01-17;89;0;2292;2;0.7;0.0
94;2021-01-18;469;0;2761;2;0.8;0.0
94;2021-01-19;980;0;3741;2;1.1;0.0
94;2021-01-20;804;0;4545;2;1.3;0.0
94;2021-01-21;806;0;5351;2;1.6;0.0
94;2021-01-22;704;0;6055;2;1.8;0.0
94;2021-01-23;243;1;6298;3;1.8;0.0
94;2021-01-24;146;0;6444;3;1.9;0.0
94;2021-01-25;422;1;6866;4;2.0;0.0
94;2021-01-26;788;5;7654;9;2.2;0.0
94;2021-01-27;663;56;8317;65;2.4;0.0
94;2021-01-28;702;241;9019;306;2.6;0.1
94;2021-01-29;608;248;9627;554;2.8;0.2
94;2021-01-30;204;75;9831;629;2.9;0.2
94;2021-01-31;149;7;9980;636;2.9;0.2
94;2021-02-01;451;170;10431;806;3.0;0.2
94;2021-02-02;642;167;11073;973;3.2;0.3
94;2021-02-03;780;166;11853;1139;3.4;0.3
94;2021-02-04;712;304;12565;1443;3.6;0.4
94;2021-02-05;656;237;13221;1680;3.8;0.5
94;2021-02-06;206;80;13427;1760;3.9;0.5
94;2021-02-07;126;50;13553;1810;3.9;0.5
94;2021-02-08;319;369;13872;2179;4.0;0.6
94;2021-02-09;708;621;14580;2800;4.2;0.8
94;2021-02-10;638;398;15218;3198;4.4;0.9
94;2021-02-11;671;447;15889;3645;4.6;1.1
94;2021-02-12;640;399;16529;4044;4.8;1.2
94;2021-02-13;283;74;16812;4118;4.9;1.2
94;2021-02-14;193;74;17005;4192;4.9;1.2
94;2021-02-15;375;278;17380;4470;5.0;1.3
94;2021-02-16;632;601;18012;5071;5.2;1.5
94;2021-02-17;583;451;18595;5522;5.4;1.6
94;2021-02-18;544;542;19139;6064;5.6;1.8
94;2021-02-19;290;592;19429;6656;5.6;1.9
94;2021-02-20;275;192;19704;6848;5.7;2.0
94;2021-02-21;55;84;19759;6932;5.7;2.0
94;2021-02-22;211;395;19970;7327;5.8;2.1
94;2021-02-23;350;642;20320;7969;5.9;2.3
94;2021-02-24;294;595;20614;8564;6.0;2.5
94;2021-02-25;347;605;20961;9169;6.1;2.7
94;2021-02-26;413;550;21374;9719;6.2;2.8
94;2021-02-27;367;151;21741;9870;6.3;2.9
94;2021-02-28;68;123;21809;9993;6.3;2.9
94;2021-03-01;346;415;22155;10408;6.4;3.0
94;2021-03-02;537;647;22692;11055;6.6;3.2
94;2021-03-03;517;683;23209;11738;6.7;3.4
94;2021-03-04;926;637;24135;12375;7.0;3.6
94;2021-03-05;1548;608;25683;12983;7.5;3.8
94;2021-03-06;1676;142;27359;13125;7.9;3.8
94;2021-03-07;1346;96;28705;13221;8.3;3.8
